       [0, 0]    [0, 1]    [1, 0]    [1, 1]    [0, 0]    [0, 1]    [1, 0]    [1, 1]    [0, 0]    [0, 1]    [1, 0]    [1, 1]    [0, 0]    [0, 1]    [1, 0]    [1, 1]    [0, 0]    [0, 1]    [1, 0]    [1, 1]    [0, 0]    [0, 1]    [1, 0]    [1, 1]    [0, 0]    [0, 1]    [1, 0]    [1, 1]    [0, 0]    [0, 1]    [1, 0]    [1, 1]    [0, 0]    [0, 1]    [1, 0]    [1, 1]    [0, 0]    [0, 1]    [1, 0]    [1, 1]    [0, 0]    [0, 1]    [1, 0]    [1, 1]    [0, 0]    [0, 1]    [1, 0]    [1, 1]    [0, 0]    [0, 1]    [1, 0]    [1, 1]    [0, 0]    [0, 1]    [1, 0]    [1, 1]    [0, 0]    [0, 1]    [1, 0]    [1, 1]    [0, 0]    [0, 1]    [1, 0]    [1, 1]    
[0, 0] 0.009, -0.022, -0.025,  0.044, -0.023,  0.038,  0.049,  0.036, -0.022,  0.054,  0.061, -0.109,  0.058, -0.095, -0.123, -0.089, -0.025,  0.061,  0.069, -0.123,  0.065, -0.107, -0.138, -0.101,  0.044, -0.109, -0.123,  0.218, -0.116,  0.190,  0.245,  0.179, -0.023,  0.058,  0.065, -0.116,  0.061, -0.101, -0.130, -0.095,  0.038, -0.095, -0.107,  0.190, -0.101,  0.165,  0.214,  0.156,  0.049, -0.123, -0.138,  0.245, -0.130,  0.214,  0.277,  0.202,  0.036, -0.089, -0.101,  0.179, -0.095,  0.156,  0.202,  0.147, 
[0, 1]-0.036,  0.052,  0.039,  0.024,  0.039,  0.024,  0.021,  0.009,  0.089, -0.130, -0.097, -0.060, -0.098, -0.060, -0.052, -0.022,  0.100, -0.147, -0.109, -0.068, -0.110, -0.068, -0.059, -0.024, -0.178,  0.261,  0.194,  0.120,  0.196,  0.121,  0.105,  0.043,  0.095, -0.138, -0.103, -0.064, -0.104, -0.064, -0.056, -0.023, -0.155,  0.227,  0.169,  0.105,  0.171,  0.105,  0.091,  0.038, -0.201,  0.294,  0.219,  0.135,  0.221,  0.136,  0.118,  0.049, -0.146,  0.214,  0.159,  0.099,  0.161,  0.099,  0.086,  0.035, 
[1, 0]-0.004, -0.068,  0.042, -0.006,  0.042, -0.006,  0.021,  0.001,  0.010,  0.171, -0.104,  0.015, -0.105,  0.015, -0.051, -0.003,  0.012,  0.193, -0.118,  0.017, -0.119,  0.017, -0.058, -0.003, -0.021, -0.342,  0.209, -0.031,  0.211, -0.030,  0.103,  0.005,  0.011,  0.181, -0.111,  0.016, -0.112,  0.016, -0.054, -0.003, -0.018, -0.298,  0.182, -0.027,  0.184, -0.026,  0.089,  0.005, -0.023, -0.385,  0.235, -0.035,  0.237, -0.034,  0.116,  0.006, -0.017, -0.281,  0.172, -0.025,  0.173, -0.025,  0.084,  0.004, 
[1, 1]-0.086, -0.021, -0.021, -0.005, -0.021, -0.006, -0.004, -0.001,  0.214,  0.051,  0.052,  0.013,  0.051,  0.016,  0.010,  0.003,  0.241,  0.058,  0.059,  0.014,  0.058,  0.018,  0.011,  0.003, -0.429, -0.102, -0.105, -0.025, -0.103, -0.032, -0.019, -0.005,  0.227,  0.054,  0.056,  0.014,  0.055,  0.017,  0.010,  0.003, -0.373, -0.089, -0.091, -0.022, -0.090, -0.027, -0.017, -0.005, -0.483, -0.115, -0.118, -0.029, -0.116, -0.036, -0.022, -0.006, -0.352, -0.084, -0.086, -0.021, -0.085, -0.026, -0.016, -0.004, 
[0, 0] 0.000,  0.010,  0.008, -0.074, -0.018,  0.033,  0.041, -0.000, -0.000, -0.025, -0.020,  0.185,  0.044, -0.082, -0.102,  0.001, -0.000, -0.028, -0.022,  0.209,  0.050, -0.093, -0.115,  0.001,  0.000,  0.050,  0.040, -0.371, -0.088,  0.164,  0.203, -0.001, -0.000, -0.027, -0.021,  0.197,  0.047, -0.087, -0.108,  0.001,  0.000,  0.044,  0.035, -0.323, -0.077,  0.143,  0.177, -0.001,  0.000,  0.056,  0.045, -0.418, -0.100,  0.185,  0.229, -0.001,  0.000,  0.041,  0.033, -0.305, -0.073,  0.135,  0.167, -0.001, 
[0, 1]-0.000, -0.000,  0.064,  0.015, -0.064, -0.015,  0.000,  0.000,  0.000,  0.000, -0.161, -0.039,  0.160,  0.039, -0.001, -0.000,  0.000,  0.000, -0.181, -0.044,  0.180,  0.044, -0.001, -0.000, -0.001, -0.000,  0.322,  0.077, -0.320, -0.077,  0.001,  0.000,  0.000,  0.000, -0.171, -0.041,  0.170,  0.041, -0.001, -0.000, -0.001, -0.000,  0.280,  0.067, -0.279, -0.067,  0.001,  0.000, -0.001, -0.000,  0.363,  0.087, -0.360, -0.087,  0.002,  0.000, -0.001, -0.000,  0.264,  0.064, -0.263, -0.064,  0.001,  0.000, 
[1, 0] 0.001,  0.017, -0.014,  0.001,  0.004, -0.070,  0.058, -0.003, -0.002, -0.043,  0.034, -0.002, -0.009,  0.174, -0.144,  0.008, -0.002, -0.049,  0.038, -0.002, -0.010,  0.196, -0.163,  0.009,  0.004,  0.086, -0.068,  0.004,  0.018, -0.349,  0.289, -0.015, -0.002, -0.046,  0.036, -0.002, -0.010,  0.185, -0.153,  0.008,  0.004,  0.075, -0.059,  0.004,  0.016, -0.304,  0.252, -0.013,  0.005,  0.097, -0.077,  0.005,  0.020, -0.393,  0.326, -0.017,  0.003,  0.071, -0.056,  0.003,  0.015, -0.286,  0.237, -0.013, 
[1, 1]-0.001,  0.005,  0.005, -0.021,  0.005, -0.021, -0.021,  0.086,  0.003, -0.013, -0.013,  0.052, -0.013,  0.052,  0.052, -0.214,  0.003, -0.014, -0.014,  0.058, -0.014,  0.058,  0.058, -0.241, -0.005,  0.025,  0.025, -0.104,  0.025, -0.104, -0.104,  0.429,  0.003, -0.013, -0.013,  0.055, -0.013,  0.055,  0.055, -0.227, -0.005,  0.022,  0.022, -0.090,  0.022, -0.090, -0.090,  0.373, -0.006,  0.029,  0.028, -0.117,  0.028, -0.117, -0.117,  0.483, -0.004,  0.021,  0.021, -0.085,  0.021, -0.085, -0.085,  0.352, 
[0, 0]-0.036,  0.089,  0.100, -0.178,  0.095, -0.155, -0.201, -0.146,  0.052, -0.130, -0.147,  0.261, -0.138,  0.227,  0.294,  0.214,  0.039, -0.097, -0.109,  0.194, -0.103,  0.169,  0.219,  0.159,  0.024, -0.060, -0.068,  0.120, -0.064,  0.105,  0.135,  0.099,  0.039, -0.098, -0.110,  0.196, -0.104,  0.171,  0.221,  0.161,  0.024, -0.060, -0.068,  0.121, -0.064,  0.105,  0.136,  0.099,  0.021, -0.052, -0.059,  0.105, -0.056,  0.091,  0.118,  0.086,  0.009, -0.022, -0.024,  0.043, -0.023,  0.038,  0.049,  0.035, 
[0, 1] 0.146, -0.214, -0.159, -0.098, -0.160, -0.099, -0.086, -0.035, -0.214,  0.312,  0.232,  0.144,  0.235,  0.145,  0.126,  0.052, -0.159,  0.232,  0.173,  0.107,  0.175,  0.108,  0.093,  0.038, -0.098,  0.144,  0.107,  0.066,  0.108,  0.067,  0.058,  0.024, -0.160,  0.235,  0.175,  0.108,  0.176,  0.109,  0.094,  0.039, -0.099,  0.145,  0.108,  0.067,  0.109,  0.067,  0.058,  0.024, -0.086,  0.126,  0.093,  0.058,  0.094,  0.058,  0.050,  0.021, -0.035,  0.052,  0.038,  0.024,  0.039,  0.024,  0.021,  0.009, 
[1, 0] 0.017,  0.280, -0.171,  0.025, -0.173,  0.025, -0.084, -0.004, -0.025, -0.409,  0.250, -0.037,  0.252, -0.036,  0.123,  0.006, -0.019, -0.305,  0.186, -0.028,  0.188, -0.027,  0.091,  0.005, -0.011, -0.189,  0.115, -0.017,  0.116, -0.017,  0.057,  0.003, -0.019, -0.307,  0.188, -0.028,  0.190, -0.027,  0.092,  0.005, -0.012, -0.190,  0.116, -0.017,  0.117, -0.017,  0.057,  0.003, -0.010, -0.165,  0.101, -0.015,  0.101, -0.014,  0.049,  0.003, -0.004, -0.068,  0.041, -0.006,  0.042, -0.006,  0.020,  0.001, 
[1, 1] 0.351,  0.084,  0.086,  0.021,  0.084,  0.026,  0.016,  0.004, -0.513, -0.123, -0.126, -0.030, -0.123, -0.038, -0.023, -0.007, -0.382, -0.091, -0.094, -0.023, -0.092, -0.028, -0.017, -0.005, -0.236, -0.057, -0.058, -0.014, -0.057, -0.017, -0.011, -0.003, -0.385, -0.092, -0.094, -0.023, -0.093, -0.028, -0.017, -0.005, -0.238, -0.057, -0.058, -0.014, -0.057, -0.018, -0.011, -0.003, -0.206, -0.049, -0.051, -0.012, -0.050, -0.015, -0.009, -0.003, -0.085, -0.020, -0.021, -0.005, -0.020, -0.006, -0.004, -0.001, 
[0, 0]-0.000, -0.041, -0.033,  0.304,  0.072, -0.135, -0.167,  0.001,  0.000,  0.060,  0.048, -0.444, -0.106,  0.197,  0.244, -0.001,  0.000,  0.045,  0.036, -0.330, -0.079,  0.146,  0.181, -0.001,  0.000,  0.028,  0.022, -0.205, -0.049,  0.091,  0.112, -0.001,  0.000,  0.045,  0.036, -0.334, -0.080,  0.148,  0.183, -0.001,  0.000,  0.028,  0.022, -0.206, -0.049,  0.091,  0.113, -0.001,  0.000,  0.024,  0.019, -0.179, -0.043,  0.079,  0.098, -0.001,  0.000,  0.010,  0.008, -0.073, -0.018,  0.033,  0.040, -0.000, 
[0, 1] 0.001,  0.000, -0.264, -0.063,  0.262,  0.063, -0.001, -0.000, -0.001, -0.000,  0.385,  0.093, -0.383, -0.093,  0.002,  0.000, -0.001, -0.000,  0.287,  0.069, -0.285, -0.069,  0.001,  0.000, -0.000, -0.000,  0.177,  0.043, -0.176, -0.043,  0.001,  0.000, -0.001, -0.000,  0.289,  0.070, -0.288, -0.070,  0.001,  0.000, -0.000, -0.000,  0.179,  0.043, -0.178, -0.043,  0.001,  0.000, -0.000, -0.000,  0.155,  0.037, -0.154, -0.037,  0.001,  0.000, -0.000, -0.000,  0.064,  0.015, -0.063, -0.015,  0.000,  0.000, 
[1, 0]-0.003, -0.071,  0.056, -0.003, -0.015,  0.286, -0.237,  0.013,  0.005,  0.103, -0.081,  0.005,  0.022, -0.418,  0.346, -0.019,  0.004,  0.077, -0.061,  0.004,  0.016, -0.311,  0.258, -0.014,  0.002,  0.048, -0.038,  0.002,  0.010, -0.192,  0.159, -0.009,  0.004,  0.077, -0.061,  0.004,  0.016, -0.314,  0.260, -0.014,  0.002,  0.048, -0.038,  0.002,  0.010, -0.194,  0.161, -0.009,  0.002,  0.041, -0.033,  0.002,  0.009, -0.168,  0.139, -0.007,  0.001,  0.017, -0.013,  0.001,  0.004, -0.069,  0.057, -0.003, 
[1, 1] 0.004, -0.021, -0.021,  0.085, -0.021,  0.085,  0.085, -0.351, -0.006,  0.030,  0.030, -0.124,  0.030, -0.124, -0.124,  0.513, -0.005,  0.023,  0.022, -0.092,  0.022, -0.092, -0.092,  0.382, -0.003,  0.014,  0.014, -0.057,  0.014, -0.057, -0.057,  0.236, -0.005,  0.023,  0.023, -0.093,  0.023, -0.093, -0.093,  0.385, -0.003,  0.014,  0.014, -0.058,  0.014, -0.058, -0.058,  0.238, -0.003,  0.012,  0.012, -0.050,  0.012, -0.050, -0.050,  0.206, -0.001,  0.005,  0.005, -0.021,  0.005, -0.020, -0.020,  0.085, 
[0, 0]-0.004,  0.010,  0.012, -0.021,  0.011, -0.018, -0.023, -0.017, -0.068,  0.171,  0.193, -0.342,  0.181, -0.298, -0.385, -0.281,  0.042, -0.104, -0.118,  0.209, -0.111,  0.182,  0.235,  0.172, -0.006,  0.015,  0.017, -0.031,  0.016, -0.027, -0.035, -0.025,  0.042, -0.105, -0.119,  0.211, -0.112,  0.184,  0.237,  0.173, -0.006,  0.015,  0.017, -0.030,  0.016, -0.026, -0.034, -0.025,  0.021, -0.051, -0.058,  0.103, -0.054,  0.089,  0.116,  0.084,  0.001, -0.003, -0.003,  0.005, -0.003,  0.005,  0.006,  0.004, 
[0, 1] 0.017, -0.025, -0.019, -0.011, -0.019, -0.012, -0.010, -0.004,  0.280, -0.409, -0.305, -0.189, -0.307, -0.190, -0.165, -0.068, -0.171,  0.250,  0.186,  0.115,  0.188,  0.116,  0.101,  0.041,  0.025, -0.037, -0.028, -0.017, -0.028, -0.017, -0.015, -0.006, -0.173,  0.252,  0.188,  0.116,  0.190,  0.117,  0.101,  0.042,  0.025, -0.036, -0.027, -0.017, -0.027, -0.017, -0.014, -0.006, -0.084,  0.123,  0.091,  0.057,  0.092,  0.057,  0.049,  0.020, -0.004,  0.006,  0.005,  0.003,  0.005,  0.003,  0.003,  0.001, 
[1, 0] 0.002,  0.033, -0.020,  0.003, -0.020,  0.003, -0.010, -0.001,  0.033,  0.537, -0.328,  0.048, -0.331,  0.047, -0.161, -0.008, -0.020, -0.328,  0.200, -0.030,  0.202, -0.029,  0.098,  0.005,  0.003,  0.048, -0.030,  0.004, -0.030,  0.004, -0.015, -0.001, -0.020, -0.331,  0.202, -0.030,  0.204, -0.029,  0.099,  0.005,  0.003,  0.047, -0.029,  0.004, -0.029,  0.004, -0.014, -0.001, -0.010, -0.161,  0.098, -0.015,  0.099, -0.014,  0.048,  0.003, -0.001, -0.008,  0.005, -0.001,  0.005, -0.001,  0.003,  0.000, 
[1, 1] 0.041,  0.010,  0.010,  0.002,  0.010,  0.003,  0.002,  0.001,  0.673,  0.161,  0.165,  0.040,  0.162,  0.050,  0.030,  0.009, -0.411, -0.098, -0.101, -0.024, -0.099, -0.030, -0.019, -0.005,  0.061,  0.015,  0.015,  0.004,  0.015,  0.004,  0.003,  0.001, -0.415, -0.099, -0.102, -0.025, -0.100, -0.031, -0.019, -0.005,  0.059,  0.014,  0.014,  0.004,  0.014,  0.004,  0.003,  0.001, -0.202, -0.048, -0.049, -0.012, -0.049, -0.015, -0.009, -0.003, -0.010, -0.002, -0.003, -0.001, -0.003, -0.001, -0.000, -0.000, 
[0, 0]-0.000, -0.005, -0.004,  0.035,  0.008, -0.016, -0.019,  0.000, -0.001, -0.078, -0.063,  0.582,  0.139, -0.258, -0.319,  0.002,  0.000,  0.048,  0.038, -0.356, -0.085,  0.158,  0.195, -0.001, -0.000, -0.007, -0.006,  0.053,  0.013, -0.023, -0.029,  0.000,  0.000,  0.048,  0.039, -0.359, -0.086,  0.159,  0.197, -0.001, -0.000, -0.007, -0.005,  0.051,  0.012, -0.023, -0.028,  0.000,  0.000,  0.024,  0.019, -0.175, -0.042,  0.077,  0.096, -0.001,  0.000,  0.001,  0.001, -0.009, -0.002,  0.004,  0.005, -0.000, 
[0, 1] 0.000,  0.000, -0.031, -0.007,  0.031,  0.007, -0.000, -0.000,  0.001,  0.000, -0.505, -0.122,  0.502,  0.122, -0.002, -0.000, -0.001, -0.000,  0.309,  0.074, -0.307, -0.074,  0.001,  0.000,  0.000,  0.000, -0.046, -0.011,  0.045,  0.011, -0.000, -0.000, -0.001, -0.000,  0.311,  0.075, -0.309, -0.075,  0.001,  0.000,  0.000,  0.000, -0.044, -0.011,  0.044,  0.011, -0.000, -0.000, -0.000, -0.000,  0.152,  0.036, -0.151, -0.036,  0.001,  0.000, -0.000, -0.000,  0.008,  0.002, -0.008, -0.002,  0.000,  0.000, 
[1, 0]-0.000, -0.008,  0.006, -0.000, -0.002,  0.033, -0.028,  0.001, -0.007, -0.135,  0.107, -0.007, -0.029,  0.547, -0.454,  0.024,  0.004,  0.083, -0.065,  0.004,  0.017, -0.334,  0.277, -0.015, -0.001, -0.012,  0.010, -0.001, -0.003,  0.049, -0.041,  0.002,  0.004,  0.083, -0.066,  0.004,  0.018, -0.337,  0.280, -0.015, -0.001, -0.012,  0.009, -0.001, -0.003,  0.048, -0.040,  0.002,  0.002,  0.041, -0.032,  0.002,  0.009, -0.164,  0.136, -0.007,  0.000,  0.002, -0.002,  0.000,  0.000, -0.009,  0.007, -0.000, 
[1, 1] 0.001, -0.002, -0.002,  0.010, -0.002,  0.010,  0.010, -0.041,  0.008, -0.040, -0.040,  0.163, -0.040,  0.162,  0.162, -0.673, -0.005,  0.024,  0.024, -0.100,  0.024, -0.099, -0.099,  0.411,  0.001, -0.004, -0.004,  0.015, -0.004,  0.015,  0.015, -0.061, -0.005,  0.024,  0.024, -0.100,  0.024, -0.100, -0.100,  0.415,  0.001, -0.003, -0.003,  0.014, -0.003,  0.014,  0.014, -0.059, -0.003,  0.012,  0.012, -0.049,  0.012, -0.049, -0.049,  0.202, -0.000,  0.001,  0.001, -0.003,  0.001, -0.003, -0.003,  0.010, 
[0, 0]-0.086,  0.214,  0.241, -0.429,  0.227, -0.373, -0.483, -0.352, -0.021,  0.051,  0.058, -0.102,  0.054, -0.089, -0.115, -0.084, -0.021,  0.052,  0.059, -0.105,  0.056, -0.091, -0.118, -0.086, -0.005,  0.013,  0.014, -0.025,  0.014, -0.022, -0.029, -0.021, -0.021,  0.051,  0.058, -0.103,  0.055, -0.090, -0.116, -0.085, -0.006,  0.016,  0.018, -0.032,  0.017, -0.027, -0.036, -0.026, -0.004,  0.010,  0.011, -0.019,  0.010, -0.017, -0.022, -0.016, -0.001,  0.003,  0.003, -0.005,  0.003, -0.005, -0.006, -0.004, 
[0, 1] 0.351, -0.513, -0.382, -0.236, -0.385, -0.238, -0.206, -0.085,  0.084, -0.123, -0.091, -0.057, -0.092, -0.057, -0.049, -0.020,  0.086, -0.126, -0.094, -0.058, -0.094, -0.058, -0.051, -0.021,  0.021, -0.030, -0.023, -0.014, -0.023, -0.014, -0.012, -0.005,  0.084, -0.123, -0.092, -0.057, -0.093, -0.057, -0.050, -0.020,  0.026, -0.038, -0.028, -0.017, -0.028, -0.018, -0.015, -0.006,  0.016, -0.023, -0.017, -0.011, -0.017, -0.011, -0.009, -0.004,  0.004, -0.007, -0.005, -0.003, -0.005, -0.003, -0.003, -0.001, 
[1, 0] 0.041,  0.673, -0.411,  0.061, -0.415,  0.059, -0.202, -0.010,  0.010,  0.161, -0.098,  0.015, -0.099,  0.014, -0.048, -0.002,  0.010,  0.165, -0.101,  0.015, -0.102,  0.014, -0.049, -0.003,  0.002,  0.040, -0.024,  0.004, -0.025,  0.004, -0.012, -0.001,  0.010,  0.162, -0.099,  0.015, -0.100,  0.014, -0.049, -0.003,  0.003,  0.050, -0.030,  0.004, -0.031,  0.004, -0.015, -0.001,  0.002,  0.030, -0.019,  0.003, -0.019,  0.003, -0.009, -0.000,  0.001,  0.009, -0.005,  0.001, -0.005,  0.001, -0.003, -0.000, 
[1, 1] 0.843,  0.202,  0.207,  0.050,  0.203,  0.062,  0.038,  0.011,  0.202,  0.048,  0.049,  0.012,  0.049,  0.015,  0.009,  0.003,  0.207,  0.049,  0.051,  0.012,  0.050,  0.015,  0.009,  0.003,  0.050,  0.012,  0.012,  0.003,  0.012,  0.004,  0.002,  0.001,  0.203,  0.049,  0.050,  0.012,  0.049,  0.015,  0.009,  0.003,  0.062,  0.015,  0.015,  0.004,  0.015,  0.005,  0.003,  0.001,  0.038,  0.009,  0.009,  0.002,  0.009,  0.003,  0.002,  0.000,  0.011,  0.003,  0.003,  0.001,  0.003,  0.001,  0.000,  0.000, 
[0, 0]-0.001, -0.098, -0.079,  0.730,  0.174, -0.323, -0.400,  0.002, -0.000, -0.024, -0.019,  0.174,  0.042, -0.077, -0.096,  0.001, -0.000, -0.024, -0.019,  0.179,  0.043, -0.079, -0.098,  0.001, -0.000, -0.006, -0.005,  0.043,  0.010, -0.019, -0.024,  0.000, -0.000, -0.024, -0.019,  0.176,  0.042, -0.078, -0.096,  0.001, -0.000, -0.007, -0.006,  0.054,  0.013, -0.024, -0.029,  0.000, -0.000, -0.004, -0.004,  0.033,  0.008, -0.015, -0.018,  0.000, -0.000, -0.001, -0.001,  0.009,  0.002, -0.004, -0.005,  0.000, 
[0, 1] 0.002,  0.000, -0.633, -0.152,  0.629,  0.152, -0.003, -0.000,  0.000,  0.000, -0.151, -0.036,  0.150,  0.036, -0.001, -0.000,  0.000,  0.000, -0.155, -0.037,  0.154,  0.037, -0.001, -0.000,  0.000,  0.000, -0.038, -0.009,  0.037,  0.009, -0.000, -0.000,  0.000,  0.000, -0.152, -0.037,  0.151,  0.037, -0.001, -0.000,  0.000,  0.000, -0.047, -0.011,  0.046,  0.011, -0.000, -0.000,  0.000,  0.000, -0.029, -0.007,  0.028,  0.007, -0.000, -0.000,  0.000,  0.000, -0.008, -0.002,  0.008,  0.002, -0.000, -0.000, 
[1, 0]-0.008, -0.169,  0.134, -0.008, -0.036,  0.686, -0.569,  0.030, -0.002, -0.041,  0.032, -0.002, -0.009,  0.164, -0.136,  0.007, -0.002, -0.042,  0.033, -0.002, -0.009,  0.168, -0.139,  0.007, -0.000, -0.010,  0.008, -0.000, -0.002,  0.041, -0.034,  0.002, -0.002, -0.041,  0.032, -0.002, -0.009,  0.165, -0.137,  0.007, -0.001, -0.012,  0.010, -0.001, -0.003,  0.050, -0.042,  0.002, -0.000, -0.008,  0.006, -0.000, -0.002,  0.031, -0.026,  0.001, -0.000, -0.002,  0.002, -0.000, -0.000,  0.009, -0.007,  0.000, 
[1, 1] 0.010, -0.050, -0.050,  0.204, -0.050,  0.204,  0.204, -0.843,  0.003, -0.012, -0.012,  0.049, -0.012,  0.049,  0.049, -0.202,  0.003, -0.012, -0.012,  0.050, -0.012,  0.050,  0.050, -0.207,  0.001, -0.003, -0.003,  0.012, -0.003,  0.012,  0.012, -0.050,  0.003, -0.012, -0.012,  0.049, -0.012,  0.049,  0.049, -0.203,  0.001, -0.004, -0.004,  0.015, -0.004,  0.015,  0.015, -0.062,  0.000, -0.002, -0.002,  0.009, -0.002,  0.009,  0.009, -0.038,  0.000, -0.001, -0.001,  0.003, -0.001,  0.003,  0.003, -0.011, 
[0, 0] 0.000, -0.000, -0.000,  0.000, -0.000,  0.000,  0.000,  0.000,  0.010, -0.025, -0.028,  0.050, -0.027,  0.044,  0.056,  0.041,  0.008, -0.020, -0.022,  0.040, -0.021,  0.035,  0.045,  0.033, -0.074,  0.185,  0.209, -0.371,  0.197, -0.323, -0.418, -0.305, -0.018,  0.044,  0.050, -0.088,  0.047, -0.077, -0.100, -0.073,  0.033, -0.082, -0.093,  0.164, -0.087,  0.143,  0.185,  0.135,  0.041, -0.102, -0.115,  0.203, -0.108,  0.177,  0.229,  0.167, -0.000,  0.001,  0.001, -0.001,  0.001, -0.001, -0.001, -0.001, 
[0, 1]-0.000,  0.000,  0.000,  0.000,  0.000,  0.000,  0.000,  0.000, -0.041,  0.060,  0.045,  0.028,  0.045,  0.028,  0.024,  0.010, -0.033,  0.048,  0.036,  0.022,  0.036,  0.022,  0.019,  0.008,  0.304, -0.444, -0.330, -0.205, -0.334, -0.206, -0.179, -0.073,  0.072, -0.106, -0.079, -0.049, -0.080, -0.049, -0.043, -0.018, -0.135,  0.197,  0.146,  0.091,  0.148,  0.091,  0.079,  0.033, -0.167,  0.244,  0.181,  0.112,  0.183,  0.113,  0.098,  0.040,  0.001, -0.001, -0.001, -0.001, -0.001, -0.001, -0.001, -0.000, 
[1, 0]-0.000, -0.001,  0.000, -0.000,  0.000, -0.000,  0.000,  0.000, -0.005, -0.078,  0.048, -0.007,  0.048, -0.007,  0.024,  0.001, -0.004, -0.063,  0.038, -0.006,  0.039, -0.005,  0.019,  0.001,  0.035,  0.582, -0.356,  0.053, -0.359,  0.051, -0.175, -0.009,  0.008,  0.139, -0.085,  0.013, -0.086,  0.012, -0.042, -0.002, -0.016, -0.258,  0.158, -0.023,  0.159, -0.023,  0.077,  0.004, -0.019, -0.319,  0.195, -0.029,  0.197, -0.028,  0.096,  0.005,  0.000,  0.002, -0.001,  0.000, -0.001,  0.000, -0.001, -0.000, 
[1, 1]-0.001, -0.000, -0.000, -0.000, -0.000, -0.000, -0.000, -0.000, -0.098, -0.024, -0.024, -0.006, -0.024, -0.007, -0.004, -0.001, -0.079, -0.019, -0.019, -0.005, -0.019, -0.006, -0.004, -0.001,  0.730,  0.174,  0.179,  0.043,  0.176,  0.054,  0.033,  0.009,  0.174,  0.042,  0.043,  0.010,  0.042,  0.013,  0.008,  0.002, -0.323, -0.077, -0.079, -0.019, -0.078, -0.024, -0.015, -0.004, -0.400, -0.096, -0.098, -0.024, -0.096, -0.029, -0.018, -0.005,  0.002,  0.001,  0.001,  0.000,  0.001,  0.000,  0.000,  0.000, 
[0, 0] 0.000,  0.000,  0.000, -0.001, -0.000,  0.000,  0.000, -0.000,  0.000,  0.011,  0.009, -0.085, -0.020,  0.038,  0.047, -0.000,  0.000,  0.009,  0.007, -0.068, -0.016,  0.030,  0.037, -0.000, -0.001, -0.085, -0.068,  0.631,  0.151, -0.280, -0.346,  0.002, -0.000, -0.020, -0.016,  0.151,  0.036, -0.067, -0.083,  0.000,  0.000,  0.038,  0.030, -0.280, -0.067,  0.124,  0.153, -0.001,  0.000,  0.047,  0.037, -0.346, -0.083,  0.153,  0.190, -0.001, -0.000, -0.000, -0.000,  0.002,  0.000, -0.001, -0.001,  0.000, 
[0, 1]-0.000, -0.000,  0.000,  0.000, -0.000, -0.000,  0.000,  0.000, -0.000, -0.000,  0.074,  0.018, -0.073, -0.018,  0.000,  0.000, -0.000, -0.000,  0.059,  0.014, -0.059, -0.014,  0.000,  0.000,  0.001,  0.000, -0.548, -0.132,  0.544,  0.132, -0.002, -0.000,  0.000,  0.000, -0.131, -0.031,  0.130,  0.031, -0.001, -0.000, -0.001, -0.000,  0.243,  0.058, -0.241, -0.058,  0.001,  0.000, -0.001, -0.000,  0.301,  0.072, -0.299, -0.072,  0.001,  0.000,  0.000,  0.000, -0.002, -0.000,  0.002,  0.000, -0.000, -0.000, 
[1, 0] 0.000,  0.000, -0.000,  0.000,  0.000, -0.001,  0.000, -0.000,  0.001,  0.020, -0.016,  0.001,  0.004, -0.080,  0.066, -0.004,  0.001,  0.016, -0.012,  0.001,  0.003, -0.064,  0.053, -0.003, -0.007, -0.147,  0.116, -0.007, -0.031,  0.594, -0.492,  0.026, -0.002, -0.035,  0.028, -0.002, -0.007,  0.142, -0.117,  0.006,  0.003,  0.065, -0.051,  0.003,  0.014, -0.263,  0.218, -0.012,  0.004,  0.080, -0.064,  0.004,  0.017, -0.326,  0.270, -0.014, -0.000, -0.000,  0.000, -0.000, -0.000,  0.002, -0.002,  0.000, 
[1, 1]-0.000,  0.000,  0.000, -0.000,  0.000, -0.000, -0.000,  0.001, -0.001,  0.006,  0.006, -0.024,  0.006, -0.024, -0.024,  0.098, -0.001,  0.005,  0.005, -0.019,  0.005, -0.019, -0.019,  0.079,  0.009, -0.043, -0.043,  0.177, -0.043,  0.176,  0.176, -0.730,  0.002, -0.010, -0.010,  0.042, -0.010,  0.042,  0.042, -0.174, -0.004,  0.019,  0.019, -0.078,  0.019, -0.078, -0.078,  0.323, -0.005,  0.024,  0.024, -0.097,  0.024, -0.097, -0.097,  0.400,  0.000, -0.000, -0.000,  0.001, -0.000,  0.001,  0.001, -0.002, 
[0, 0]-0.000,  0.000,  0.000, -0.001,  0.000, -0.001, -0.001, -0.001, -0.000,  0.000,  0.000, -0.000,  0.000, -0.000, -0.000, -0.000,  0.064, -0.161, -0.181,  0.322, -0.171,  0.280,  0.363,  0.264,  0.015, -0.039, -0.044,  0.077, -0.041,  0.067,  0.087,  0.064, -0.064,  0.160,  0.180, -0.320,  0.170, -0.279, -0.360, -0.263, -0.015,  0.039,  0.044, -0.077,  0.041, -0.067, -0.087, -0.064,  0.000, -0.001, -0.001,  0.001, -0.001,  0.001,  0.002,  0.001,  0.000, -0.000, -0.000,  0.000, -0.000,  0.000,  0.000,  0.000, 
[0, 1] 0.001, -0.001, -0.001, -0.000, -0.001, -0.000, -0.000, -0.000,  0.000, -0.000, -0.000, -0.000, -0.000, -0.000, -0.000, -0.000, -0.264,  0.385,  0.287,  0.177,  0.289,  0.179,  0.155,  0.064, -0.063,  0.093,  0.069,  0.043,  0.070,  0.043,  0.037,  0.015,  0.262, -0.383, -0.285, -0.176, -0.288, -0.178, -0.154, -0.063,  0.063, -0.093, -0.069, -0.043, -0.070, -0.043, -0.037, -0.015, -0.001,  0.002,  0.001,  0.001,  0.001,  0.001,  0.001,  0.000, -0.000,  0.000,  0.000,  0.000,  0.000,  0.000,  0.000,  0.000, 
[1, 0] 0.000,  0.001, -0.001,  0.000, -0.001,  0.000, -0.000, -0.000,  0.000,  0.000, -0.000,  0.000, -0.000,  0.000, -0.000, -0.000, -0.031, -0.505,  0.309, -0.046,  0.311, -0.044,  0.152,  0.008, -0.007, -0.122,  0.074, -0.011,  0.075, -0.011,  0.036,  0.002,  0.031,  0.502, -0.307,  0.045, -0.309,  0.044, -0.151, -0.008,  0.007,  0.122, -0.074,  0.011, -0.075,  0.011, -0.036, -0.002, -0.000, -0.002,  0.001, -0.000,  0.001, -0.000,  0.001,  0.000, -0.000, -0.000,  0.000, -0.000,  0.000, -0.000,  0.000,  0.000, 
[1, 1] 0.002,  0.000,  0.000,  0.000,  0.000,  0.000,  0.000,  0.000,  0.000,  0.000,  0.000,  0.000,  0.000,  0.000,  0.000,  0.000, -0.633, -0.151, -0.155, -0.038, -0.152, -0.047, -0.029, -0.008, -0.152, -0.036, -0.037, -0.009, -0.037, -0.011, -0.007, -0.002,  0.629,  0.150,  0.154,  0.037,  0.151,  0.046,  0.028,  0.008,  0.152,  0.036,  0.037,  0.009,  0.037,  0.011,  0.007,  0.002, -0.003, -0.001, -0.001, -0.000, -0.001, -0.000, -0.000, -0.000, -0.000, -0.000, -0.000, -0.000, -0.000, -0.000, -0.000, -0.000, 
[0, 0]-0.000, -0.000, -0.000,  0.001,  0.000, -0.001, -0.001,  0.000, -0.000, -0.000, -0.000,  0.000,  0.000, -0.000, -0.000,  0.000,  0.000,  0.074,  0.059, -0.548, -0.131,  0.243,  0.301, -0.002,  0.000,  0.018,  0.014, -0.132, -0.031,  0.058,  0.072, -0.000, -0.000, -0.073, -0.059,  0.544,  0.130, -0.241, -0.299,  0.002, -0.000, -0.018, -0.014,  0.132,  0.031, -0.058, -0.072,  0.000,  0.000,  0.000,  0.000, -0.002, -0.001,  0.001,  0.001, -0.000,  0.000,  0.000,  0.000, -0.000, -0.000,  0.000,  0.000, -0.000, 
[0, 1] 0.000,  0.000, -0.001, -0.000,  0.001,  0.000, -0.000, -0.000,  0.000,  0.000, -0.000, -0.000,  0.000,  0.000, -0.000, -0.000, -0.001, -0.000,  0.475,  0.114, -0.472, -0.114,  0.002,  0.000, -0.000, -0.000,  0.114,  0.028, -0.114, -0.028,  0.001,  0.000,  0.001,  0.000, -0.472, -0.114,  0.469,  0.114, -0.002, -0.000,  0.000,  0.000, -0.114, -0.028,  0.114,  0.028, -0.001, -0.000, -0.000, -0.000,  0.002,  0.001, -0.002, -0.001,  0.000,  0.000, -0.000, -0.000,  0.000,  0.000, -0.000, -0.000,  0.000,  0.000, 
[1, 0]-0.000, -0.000,  0.000, -0.000, -0.000,  0.001, -0.001,  0.000, -0.000, -0.000,  0.000, -0.000, -0.000,  0.000, -0.000,  0.000,  0.006,  0.127, -0.100,  0.006,  0.027, -0.515,  0.427, -0.023,  0.002,  0.031, -0.024,  0.001,  0.006, -0.124,  0.103, -0.006, -0.006, -0.126,  0.100, -0.006, -0.027,  0.512, -0.424,  0.023, -0.002, -0.031,  0.024, -0.001, -0.006,  0.124, -0.103,  0.006,  0.000,  0.001, -0.000,  0.000,  0.000, -0.002,  0.002, -0.000,  0.000,  0.000, -0.000,  0.000,  0.000, -0.000,  0.000, -0.000, 
[1, 1] 0.000, -0.000, -0.000,  0.000, -0.000,  0.000,  0.000, -0.002,  0.000, -0.000, -0.000,  0.000, -0.000,  0.000,  0.000, -0.000, -0.008,  0.037,  0.037, -0.153,  0.037, -0.153, -0.153,  0.633, -0.002,  0.009,  0.009, -0.037,  0.009, -0.037, -0.037,  0.152,  0.008, -0.037, -0.037,  0.152, -0.037,  0.152,  0.152, -0.629,  0.002, -0.009, -0.009,  0.037, -0.009,  0.037,  0.037, -0.152, -0.000,  0.000,  0.000, -0.001,  0.000, -0.001, -0.001,  0.003, -0.000,  0.000,  0.000, -0.000,  0.000, -0.000, -0.000,  0.000, 
[0, 0] 0.001, -0.002, -0.002,  0.004, -0.002,  0.004,  0.005,  0.003,  0.017, -0.043, -0.049,  0.086, -0.046,  0.075,  0.097,  0.071, -0.014,  0.034,  0.038, -0.068,  0.036, -0.059, -0.077, -0.056,  0.001, -0.002, -0.002,  0.004, -0.002,  0.004,  0.005,  0.003,  0.004, -0.009, -0.010,  0.018, -0.010,  0.016,  0.020,  0.015, -0.070,  0.174,  0.196, -0.349,  0.185, -0.304, -0.393, -0.286,  0.058, -0.144, -0.163,  0.289, -0.153,  0.252,  0.326,  0.237, -0.003,  0.008,  0.009, -0.015,  0.008, -0.013, -0.017, -0.013, 
[0, 1]-0.003,  0.005,  0.004,  0.002,  0.004,  0.002,  0.002,  0.001, -0.071,  0.103,  0.077,  0.048,  0.077,  0.048,  0.041,  0.017,  0.056, -0.081, -0.061, -0.038, -0.061, -0.038, -0.033, -0.013, -0.003,  0.005,  0.004,  0.002,  0.004,  0.002,  0.002,  0.001, -0.015,  0.022,  0.016,  0.010,  0.016,  0.010,  0.009,  0.004,  0.286, -0.418, -0.311, -0.192, -0.314, -0.194, -0.168, -0.069, -0.237,  0.346,  0.258,  0.159,  0.260,  0.161,  0.139,  0.057,  0.013, -0.019, -0.014, -0.009, -0.014, -0.009, -0.007, -0.003, 
[1, 0]-0.000, -0.007,  0.004, -0.001,  0.004, -0.001,  0.002,  0.000, -0.008, -0.135,  0.083, -0.012,  0.083, -0.012,  0.041,  0.002,  0.006,  0.107, -0.065,  0.010, -0.066,  0.009, -0.032, -0.002, -0.000, -0.007,  0.004, -0.001,  0.004, -0.001,  0.002,  0.000, -0.002, -0.029,  0.017, -0.003,  0.018, -0.003,  0.009,  0.000,  0.033,  0.547, -0.334,  0.049, -0.337,  0.048, -0.164, -0.009, -0.028, -0.454,  0.277, -0.041,  0.280, -0.040,  0.136,  0.007,  0.001,  0.024, -0.015,  0.002, -0.015,  0.002, -0.007, -0.000, 
[1, 1]-0.008, -0.002, -0.002, -0.000, -0.002, -0.001, -0.000, -0.000, -0.169, -0.041, -0.042, -0.010, -0.041, -0.012, -0.008, -0.002,  0.134,  0.032,  0.033,  0.008,  0.032,  0.010,  0.006,  0.002, -0.008, -0.002, -0.002, -0.000, -0.002, -0.001, -0.000, -0.000, -0.036, -0.009, -0.009, -0.002, -0.009, -0.003, -0.002, -0.000,  0.686,  0.164,  0.168,  0.041,  0.165,  0.050,  0.031,  0.009, -0.569, -0.136, -0.139, -0.034, -0.137, -0.042, -0.026, -0.007,  0.030,  0.007,  0.007,  0.002,  0.007,  0.002,  0.001,  0.000, 
[0, 0] 0.000,  0.001,  0.001, -0.007, -0.002,  0.003,  0.004, -0.000,  0.000,  0.020,  0.016, -0.147, -0.035,  0.065,  0.080, -0.000, -0.000, -0.016, -0.012,  0.116,  0.028, -0.051, -0.064,  0.000,  0.000,  0.001,  0.001, -0.007, -0.002,  0.003,  0.004, -0.000,  0.000,  0.004,  0.003, -0.031, -0.007,  0.014,  0.017, -0.000, -0.001, -0.080, -0.064,  0.594,  0.142, -0.263, -0.326,  0.002,  0.000,  0.066,  0.053, -0.492, -0.117,  0.218,  0.270, -0.002, -0.000, -0.004, -0.003,  0.026,  0.006, -0.012, -0.014,  0.000, 
[0, 1]-0.000, -0.000,  0.006,  0.002, -0.006, -0.002,  0.000,  0.000, -0.000, -0.000,  0.127,  0.031, -0.126, -0.031,  0.001,  0.000,  0.000,  0.000, -0.100, -0.024,  0.100,  0.024, -0.000, -0.000, -0.000, -0.000,  0.006,  0.001, -0.006, -0.001,  0.000,  0.000, -0.000, -0.000,  0.027,  0.006, -0.027, -0.006,  0.000,  0.000,  0.001,  0.000, -0.515, -0.124,  0.512,  0.124, -0.002, -0.000, -0.001, -0.000,  0.427,  0.103, -0.424, -0.103,  0.002,  0.000,  0.000,  0.000, -0.023, -0.006,  0.023,  0.006, -0.000, -0.000, 
[1, 0] 0.000,  0.002, -0.001,  0.000,  0.000, -0.007,  0.006, -0.000,  0.002,  0.034, -0.027,  0.002,  0.007, -0.138,  0.114, -0.006, -0.001, -0.027,  0.021, -0.001, -0.006,  0.109, -0.090,  0.005,  0.000,  0.002, -0.001,  0.000,  0.000, -0.007,  0.006, -0.000,  0.000,  0.007, -0.006,  0.000,  0.002, -0.029,  0.024, -0.001, -0.007, -0.138,  0.109, -0.007, -0.029,  0.558, -0.463,  0.025,  0.006,  0.114, -0.090,  0.006,  0.024, -0.463,  0.384, -0.021, -0.000, -0.006,  0.005, -0.000, -0.001,  0.025, -0.021,  0.001, 
[1, 1]-0.000,  0.000,  0.000, -0.002,  0.000, -0.002, -0.002,  0.008, -0.002,  0.010,  0.010, -0.041,  0.010, -0.041, -0.041,  0.169,  0.002, -0.008, -0.008,  0.032, -0.008,  0.032,  0.032, -0.134, -0.000,  0.000,  0.000, -0.002,  0.000, -0.002, -0.002,  0.008, -0.000,  0.002,  0.002, -0.009,  0.002, -0.009, -0.009,  0.036,  0.009, -0.041, -0.040,  0.166, -0.040,  0.166,  0.166, -0.686, -0.007,  0.034,  0.034, -0.138,  0.033, -0.137, -0.137,  0.569,  0.000, -0.002, -0.002,  0.007, -0.002,  0.007,  0.007, -0.030, 
[0, 0]-0.001,  0.003,  0.003, -0.005,  0.003, -0.005, -0.006, -0.004,  0.005, -0.013, -0.014,  0.025, -0.013,  0.022,  0.029,  0.021,  0.005, -0.013, -0.014,  0.025, -0.013,  0.022,  0.028,  0.021, -0.021,  0.052,  0.058, -0.104,  0.055, -0.090, -0.117, -0.085,  0.005, -0.013, -0.014,  0.025, -0.013,  0.022,  0.028,  0.021, -0.021,  0.052,  0.058, -0.104,  0.055, -0.090, -0.117, -0.085, -0.021,  0.052,  0.058, -0.104,  0.055, -0.090, -0.117, -0.085,  0.086, -0.214, -0.241,  0.429, -0.227,  0.373,  0.483,  0.352, 
[0, 1] 0.004, -0.006, -0.005, -0.003, -0.005, -0.003, -0.003, -0.001, -0.021,  0.030,  0.023,  0.014,  0.023,  0.014,  0.012,  0.005, -0.021,  0.030,  0.022,  0.014,  0.023,  0.014,  0.012,  0.005,  0.085, -0.124, -0.092, -0.057, -0.093, -0.058, -0.050, -0.021, -0.021,  0.030,  0.022,  0.014,  0.023,  0.014,  0.012,  0.005,  0.085, -0.124, -0.092, -0.057, -0.093, -0.058, -0.050, -0.020,  0.085, -0.124, -0.092, -0.057, -0.093, -0.058, -0.050, -0.020, -0.351,  0.513,  0.382,  0.236,  0.385,  0.238,  0.206,  0.085, 
[1, 0] 0.001,  0.008, -0.005,  0.001, -0.005,  0.001, -0.003, -0.000, -0.002, -0.040,  0.024, -0.004,  0.024, -0.003,  0.012,  0.001, -0.002, -0.040,  0.024, -0.004,  0.024, -0.003,  0.012,  0.001,  0.010,  0.163, -0.100,  0.015, -0.100,  0.014, -0.049, -0.003, -0.002, -0.040,  0.024, -0.004,  0.024, -0.003,  0.012,  0.001,  0.010,  0.162, -0.099,  0.015, -0.100,  0.014, -0.049, -0.003,  0.010,  0.162, -0.099,  0.015, -0.100,  0.014, -0.049, -0.003, -0.041, -0.673,  0.411, -0.061,  0.415, -0.059,  0.202,  0.010, 
[1, 1] 0.010,  0.003,  0.003,  0.001,  0.003,  0.001,  0.000,  0.000, -0.050, -0.012, -0.012, -0.003, -0.012, -0.004, -0.002, -0.001, -0.050, -0.012, -0.012, -0.003, -0.012, -0.004, -0.002, -0.001,  0.204,  0.049,  0.050,  0.012,  0.049,  0.015,  0.009,  0.003, -0.050, -0.012, -0.012, -0.003, -0.012, -0.004, -0.002, -0.001,  0.204,  0.049,  0.050,  0.012,  0.049,  0.015,  0.009,  0.003,  0.204,  0.049,  0.050,  0.012,  0.049,  0.015,  0.009,  0.003, -0.843, -0.202, -0.207, -0.050, -0.203, -0.062, -0.038, -0.011, 
[0, 0]-0.000, -0.001, -0.001,  0.009,  0.002, -0.004, -0.005,  0.000,  0.000,  0.006,  0.005, -0.043, -0.010,  0.019,  0.024, -0.000,  0.000,  0.006,  0.005, -0.043, -0.010,  0.019,  0.024, -0.000, -0.000, -0.024, -0.019,  0.177,  0.042, -0.078, -0.097,  0.001,  0.000,  0.006,  0.005, -0.043, -0.010,  0.019,  0.024, -0.000, -0.000, -0.024, -0.019,  0.176,  0.042, -0.078, -0.097,  0.001, -0.000, -0.024, -0.019,  0.176,  0.042, -0.078, -0.097,  0.001,  0.001,  0.098,  0.079, -0.730, -0.174,  0.323,  0.400, -0.002, 
[0, 1] 0.000,  0.000, -0.008, -0.002,  0.008,  0.002, -0.000, -0.000, -0.000, -0.000,  0.037,  0.009, -0.037, -0.009,  0.000,  0.000, -0.000, -0.000,  0.037,  0.009, -0.037, -0.009,  0.000,  0.000,  0.000,  0.000, -0.153, -0.037,  0.152,  0.037, -0.001, -0.000, -0.000, -0.000,  0.037,  0.009, -0.037, -0.009,  0.000,  0.000,  0.000,  0.000, -0.153, -0.037,  0.152,  0.037, -0.001, -0.000,  0.000,  0.000, -0.153, -0.037,  0.152,  0.037, -0.001, -0.000, -0.002, -0.000,  0.633,  0.152, -0.629, -0.152,  0.003,  0.000, 
[1, 0]-0.000, -0.002,  0.002, -0.000, -0.000,  0.009, -0.007,  0.000,  0.000,  0.010, -0.008,  0.000,  0.002, -0.041,  0.034, -0.002,  0.000,  0.010, -0.008,  0.000,  0.002, -0.040,  0.034, -0.002, -0.002, -0.041,  0.032, -0.002, -0.009,  0.166, -0.138,  0.007,  0.000,  0.010, -0.008,  0.000,  0.002, -0.040,  0.033, -0.002, -0.002, -0.041,  0.032, -0.002, -0.009,  0.166, -0.137,  0.007, -0.002, -0.041,  0.032, -0.002, -0.009,  0.166, -0.137,  0.007,  0.008,  0.169, -0.134,  0.008,  0.036, -0.686,  0.569, -0.030, 
[1, 1] 0.000, -0.001, -0.001,  0.003, -0.001,  0.003,  0.003, -0.010, -0.001,  0.003,  0.003, -0.012,  0.003, -0.012, -0.012,  0.050, -0.001,  0.003,  0.003, -0.012,  0.003, -0.012, -0.012,  0.050,  0.003, -0.012, -0.012,  0.049, -0.012,  0.049,  0.049, -0.204, -0.001,  0.003,  0.003, -0.012,  0.003, -0.012, -0.012,  0.050,  0.003, -0.012, -0.012,  0.049, -0.012,  0.049,  0.049, -0.204,  0.003, -0.012, -0.012,  0.049, -0.012,  0.049,  0.049, -0.204, -0.010,  0.050,  0.050, -0.204,  0.050, -0.204, -0.204,  0.843, 
