,0.1,0.14677992676220694,0.21544346900318834,0.31622776601683794,0.46415888336127786,0.6812920690579611,1.0,1.467799267622069,2.1544346900318834,3.1622776601683795
0.1,0.0319202,0.0255429,0.0203859,0.0156099,0.0124971,0.0120924,0.0131214,0.0150114,0.0177032,0.0209336
0.2,0.179501,0.0981574,0.0641574,0.0385726,0.0214166,0.0149879,0.0142382,0.0157481,0.0182774,0.0216348
0.30000000000000004,21.8335,1.12942,0.348782,0.114092,0.0401728,0.0205071,0.0161825,0.0167552,0.0191074,0.0224202
0.4,29.2058,13.8733,5.01452,0.492096,0.0902838,0.030029,0.0192107,0.0180107,0.019909,0.0231757
0.5,21.9019,11.0602,14.744,2.16411,0.243381,0.049499,0.0236003,0.0198736,0.0210674,0.0241066
0.6,25.5471,2176.28,7.68254,45.6099,0.749666,0.0868122,0.0308506,0.0218679,0.0222062,0.0251418
0.7000000000000001,16.9894,33.1812,9.6528,13.5278,1.79355,0.15742,0.0401655,0.0249174,0.0236712,0.0259756
0.8,6.90861,7.85338,58.9796,12.5046,3.89048,0.277798,0.0552205,0.0287945,0.0250284,0.0271027
0.9,9.28112,66.5564,72.8694,2729.77,39.7417,0.478079,0.0766052,0.0339426,0.0270127,0.0284749
1.0,166.212,31.5326,64.2968,26.6651,28.1181,0.789887,0.106618,0.0403339,0.0292759,0.029781
