,0.1,0.14677992676220694,0.21544346900318834,0.31622776601683794,0.46415888336127786,0.6812920690579611,1.0,1.467799267622069,2.1544346900318834,3.1622776601683795
0.1,0.65332,0.73854,0.8115,0.87768,0.93492,0.97186,0.99012,0.9971,0.999,0.99984
0.2,0.15208,0.27286,0.38978,0.5492,0.75042,0.8902,0.9624,0.98734,0.99598,0.99874
0.30000000000000004,-0.0015,0.0249,0.0793,0.22064,0.50248,0.76574,0.91306,0.97018,0.99096,0.99694
0.4,0.00164,0.00238,0.00682,0.05484,0.26328,0.61906,0.84704,0.94928,0.98356,0.99522
0.5,0.00182,-0.00324,-0.00244,0.01474,0.11068,0.44828,0.77178,0.91614,0.97296,0.99262
0.6,0.00114,-8e-05,-0.00448,0.0011,0.0403,0.3006,0.67482,0.88694,0.96228,0.98734
0.7000000000000001,-0.00254,0.001,-0.00456,0.0037,0.02006,0.19306,0.59556,0.84638,0.94922,0.98426
0.8,0.00724,0.00618,0.00088,0.0032,0.01094,0.12582,0.5036,0.80504,0.93642,0.97856
0.9,-0.00548,-0.00062,0.0013,-4e-05,-0.00144,0.08404,0.42288,0.75658,0.91888,0.97356
1.0,-0.00048,0.00194,-0.00072,0.00218,-0.00288,0.0579,0.34724,0.70804,0.8958,0.96694
