,0.1,0.14677992676220694,0.21544346900318834,0.31622776601683794,0.46415888336127786,0.6812920690579611,1.0,1.467799267622069,2.1544346900318834,3.1622776601683795
0.1,-5.98617,-5.9609,-5.74241,-5.07824,-3.934,-2.7469,-1.81366,-1.1841,-0.802807,-0.536573
0.2,-5.99361,-6.01312,-5.71439,-5.01136,-3.92729,-2.82959,-1.93898,-1.2802,-0.855401,-0.52342
0.30000000000000004,-7.93133,-5.86854,-5.69237,-4.98248,-3.99837,-2.97626,-2.08928,-1.41522,-0.984763,-0.667748
0.4,-13.2902,-7.4775,-7.93143,-4.66255,-4.08225,-3.14894,-2.28756,-1.63228,-1.12349,-0.792027
0.5,-9.69396,-7.92377,-7.94336,-6.03382,-4.13526,-3.48964,-2.60175,-1.94104,-1.35948,-0.938839
0.6,-2.14298,-54.3149,-6.03364,-13.0404,-4.14497,-3.80215,-3.01322,-2.22868,-1.61537,-1.142
0.7000000000000001,-9.35354,-3.28238,-9.67155,-12.2408,-5.8236,-4.37582,-3.5326,-2.66473,-1.9152,-1.3247
0.8,-11.4496,-10.7446,-12.1734,-6.15509,-7.93571,-5.03565,-4.07339,-3.15373,-2.29324,-1.56039
0.9,-10.7633,-5.18204,-27.4468,-32.3451,-13.5071,-6.12057,-4.9936,-3.74689,-2.69714,-1.89754
1.0,-21.6479,-14.345,-6.64617,-12.9065,-21.9951,-7.36052,-5.64359,-4.38221,-3.16934,-2.2978
