,0.1,0.14677992676220694,0.21544346900318834,0.31622776601683794,0.46415888336127786,0.6812920690579611,1.0,1.467799267622069,2.1544346900318834,3.1622776601683795
0.1,0.00239412,0.00213205,0.00184789,0.00151552,0.00112217,0.000744907,0.000443425,0.000240658,0.000141387,5.65666e-05
0.2,0.00312551,0.0030423,0.00291218,0.0026427,0.00209015,0.00144065,0.000858993,0.000501597,0.000283265,0.000158696
0.30000000000000004,0.00316229,0.00316131,0.00315233,0.00308436,0.00273408,0.00203383,0.00128966,0.000766494,0.000424246,0.000247198
0.4,0.00316229,0.00316228,0.00316222,0.00315753,0.00305073,0.00248349,0.00168085,0.000994326,0.000571052,0.000308824
0.5,0.00316229,0.00316228,0.00316228,0.00316195,0.00314286,0.00282675,0.00201087,0.00126763,0.000730407,0.00038348
0.6,0.00316229,0.00316229,0.00316226,0.00316229,0.00315972,0.00301604,0.00233372,0.00146061,0.000860337,0.000501597
0.7000000000000001,0.00316228,0.00316229,0.00316226,0.00316227,0.00316166,0.0031028,0.0025403,0.00168417,0.000994899,0.000558861
0.8,0.00316221,0.00316223,0.00316229,0.00316228,0.0031621,0.00313716,0.00273202,0.00187594,0.00110959,0.000651312
0.9,0.00316225,0.00316229,0.00316229,0.00316229,0.00316229,0.00315111,0.00286563,0.00206783,0.00124764,0.000722367
1.0,0.00316229,0.00316229,0.00316229,0.00316229,0.00316228,0.00315699,0.00296552,0.00223312,0.0014055,0.000806397
