,0.1,0.14677992676220694,0.21544346900318834,0.31622776601683794,0.46415888336127786,0.6812920690579611,1.0,1.467799267622069,2.1544346900318834,3.1622776601683795
0.1,0.00125993,0.0011893,0.00306736,0.0111387,0.0123856,0.0141062,0.0163558,0.0193119,0.0227499,0.0271815
0.2,0.00118107,0.00129499,0.00461377,0.0149381,0.0146126,0.0156261,0.0176881,0.0206206,0.0243582,0.0288985
0.30000000000000004,0.00114171,0.00154977,0.00895499,0.0250834,0.0208371,0.0188409,0.0195474,0.0223131,0.0259607,0.0309131
0.4,0.00112147,0.00257763,0.0188778,0.0496277,0.0351267,0.0257574,0.0230625,0.0246586,0.0281112,0.0330344
0.5,0.00113426,0.0118947,0.0588926,0.111182,0.0668481,0.0396473,0.0295509,0.028,0.0307397,0.0354955
0.6,0.00113262,1.50564,7.30807,0.56169,0.152527,0.0710602,0.0422453,0.0338224,0.0342099,0.0383238
0.7000000000000001,0.00114575,15027.2,196.262,16.0811,0.588563,0.14383,0.0669873,0.0435707,0.0390935,0.0419985
0.8,0.00117413,37.8276,89.9611,1331.74,12.0821,0.378902,0.114282,0.060373,0.0468159,0.0463725
0.9,0.00118831,21.0702,43.3718,19.5549,74.3954,1.40723,0.221404,0.090044,0.0578179,0.0519819
1.0,0.00120269,103.537,12.5749,187.097,894.506,10.5695,0.48917,0.149071,0.0768173,0.0600449
