,0.1,0.14677992676220694,0.21544346900318834,0.31622776601683794,0.46415888336127786,0.6812920690579611,1.0,1.467799267622069,2.1544346900318834,3.1622776601683795
0.1,0.986064,0.999722,0.997268,0.99596,0.99696,0.99824,0.99908,0.9995,0.9998,0.99992
0.2,0.993122,0.99687,0.977356,0.97114,0.97726,0.9853,0.9935,0.99636,0.99844,0.99944
0.30000000000000004,0.996534,0.986614,0.906182,0.9026,0.92226,0.95088,0.97638,0.9884,0.99458,0.9975
0.4,0.998366,0.930206,0.727252,0.74396,0.81166,0.88554,0.9404,0.97008,0.98576,0.99308
0.5,0.998792,0.456872,0.344466,0.48634,0.63328,0.78492,0.88372,0.94398,0.97154,0.98664
0.6,0.9995,0.004744,0.003504,0.1294,0.3897,0.62786,0.7965,0.89656,0.95062,0.97894
0.7000000000000001,0.999776,-1e-05,-0.000262,-0.00634,0.13666,0.43352,0.6804,0.83734,0.92002,0.9632
0.8,0.999662,-0.001252,0.000456,-0.0002,0.00778,0.22434,0.54248,0.75966,0.8772,0.94438
0.9,0.999856,0.002564,0.001244,-0.00882,0.00216,0.07974,0.37908,0.66064,0.82914,0.92064
1.0,0.999966,0.000712,0.005306,-0.0013,-0.00032,0.01544,0.22586,0.53624,0.76146,0.89096
