,0.1,0.14677992676220694,0.21544346900318834,0.31622776601683794,0.46415888336127786,0.6812920690579611,1.0,1.467799267622069,2.1544346900318834,3.1622776601683795
0.1,-3.18251,-2.99566,-9.82939,-7.18911,-4.88564,-3.22817,-2.17307,-1.43346,-0.922921,-0.630429
0.2,-3.52521,-3.32391,-11.2497,-8.55857,-6.11273,-4.18384,-2.8526,-1.87857,-1.2699,-0.897107
0.30000000000000004,-3.85452,-3.62503,-12.5594,-9.99924,-7.57069,-5.43959,-3.74414,-2.55006,-1.75623,-1.18218
0.4,-4.16612,-3.89936,-13.7762,-11.5854,-9.19464,-6.97239,-4.95001,-3.5002,-2.40773,-1.6242
0.5,-4.47849,-4.13923,-14.9849,-13.2673,-11.1238,-8.738,-6.57467,-4.62645,-3.20317,-2.23866
0.6,-4.78639,-4.25014,-15.627,-15.3526,-13.3617,-11.0432,-8.48289,-6.17365,-4.30707,-2.99179
0.7000000000000001,-5.09115,-150.103,-43.7938,-20.8699,-16.4045,-13.7536,-10.9855,-8.06872,-5.74366,-4.00019
0.8,-5.39218,-33.771,-24.1689,-77.8162,-11.2,-17.384,-13.9817,-10.527,-7.59955,-5.36314
0.9,-5.69629,-36.7551,-36.6297,-37.7785,-35.062,-21.4089,-17.7756,-13.4546,-9.7941,-7.07379
1.0,-5.99614,-57.1618,-47.7838,-61.2135,-78.4465,-34.2946,-22.2167,-17.3493,-12.5545,-9.0301
