,0.1,0.14677992676220694,0.21544346900318834,0.31622776601683794,0.46415888336127786,0.6812920690579611,1.0,1.467799267622069,2.1544346900318834,3.1622776601683795
0.1,0.000166367,2.3578e-05,7.38684e-05,0.000283968,0.00024639,0.000187535,0.000135616,9.9988e-05,6.32427e-05,3.99994e-05
0.2,0.000117084,7.90583e-05,0.000211602,0.000754239,0.000670547,0.000540224,0.000359971,0.00026957,0.000176567,0.000105816
0.30000000000000004,8.31865e-05,0.000163073,0.000422888,0.0013613,0.00122245,0.000978919,0.000683246,0.000480267,0.000328797,0.000223468
0.4,5.71431e-05,0.000367038,0.000686371,0.00211312,0.00184719,0.00146908,0.0010754,0.000767759,0.000531766,0.000371379
0.5,4.9138e-05,0.000889533,0.000938799,0.00276312,0.00244737,0.00195935,0.00148,0.00104357,0.00074907,0.000515187
0.6,3.16188e-05,0.000999989,0.000999994,0.00313571,0.00291229,0.0024613,0.00191204,0.00140065,0.000981441,0.000645576
0.7000000000000001,2.11648e-05,0.001,0.001,0.00316223,0.00313262,0.00284968,0.00231746,0.00172877,0.00123921,0.000849979
0.8,2.59978e-05,0.001,0.001,0.00316229,0.0031622,0.00308169,0.00265654,0.0020565,0.0015183,0.00103994
0.9,1.697e-05,0.000999997,0.001,0.00316217,0.00316229,0.00315222,0.00292627,0.00237394,0.00176785,0.0012346
1.0,8.24615e-06,0.001,0.000999986,0.00316229,0.00316229,0.00316192,0.00308058,0.00266918,0.00204984,0.00143594
