,0.1,0.14677992676220694,0.21544346900318834,0.31622776601683794,0.46415888336127786,0.6812920690579611,1.0,1.467799267622069,2.1544346900318834,3.1622776601683795
0.1,0.00357098,0.00436413,0.00546501,0.00701513,0.00839032,0.00935612,0.0103245,0.0116945,0.0134129,0.0155938
0.2,0.00368342,0.00451784,0.00588967,0.00742546,0.00875834,0.00978349,0.0108553,0.012366,0.0142339,0.0165769
0.30000000000000004,0.00363757,0.00479649,0.00804693,0.0102119,0.0106306,0.0101606,0.0106603,0.0117975,0.0133893,0.0156165
0.4,0.00365814,0.0052346,0.00896159,0.0117939,0.0107309,0.00983414,0.0104225,0.0116811,0.0133094,0.015451
0.5,2.50085,0.148702,0.0676168,0.0391631,0.0203493,0.0126954,0.0114838,0.0120682,0.0137912,0.0157856
0.6,8.62576,405.661,4.96668,0.316776,0.0569273,0.0200368,0.0134169,0.0127965,0.0141386,0.0161182
0.7000000000000001,7.47663,14.1611,229.733,12.1084,0.245656,0.0413801,0.0186601,0.0142135,0.0148202,0.0165983
0.8,23.2656,11.7914,125.598,5.23129,1.40191,0.0955055,0.0269854,0.0162374,0.0158687,0.017215
0.9,10.2687,11.4994,6.02528,63.8701,2.47111,0.285985,0.0434475,0.0204274,0.017018,0.0180603
1.0,29.8423,34.289,239.112,84.1794,816.93,0.627736,0.0808551,0.0255582,0.0183877,0.0187381
