,0.1,0.14677992676220694,0.21544346900318834,0.31622776601683794,0.46415888336127786,0.6812920690579611,1.0,1.467799267622069,2.1544346900318834,3.1622776601683795
0.1,-5.99662,-5.96332,-5.76902,-5.07051,-3.93535,-2.75425,-1.83925,-1.22111,-0.834267,-0.521667
0.2,-6.00214,-5.96639,-5.73309,-5.06677,-3.92006,-2.8128,-1.94015,-1.2821,-0.873724,-0.558901
0.30000000000000004,-5.99036,-5.9522,-5.6759,-4.99878,-3.9493,-2.95377,-2.06696,-1.42315,-0.980176,-0.68911
0.4,-5.99406,-5.91837,-5.55027,-4.91752,-4.03436,-3.12546,-2.30161,-1.62496,-1.15807,-0.794504
0.5,-4.75898,-5.84416,-5.40988,-4.90179,-4.20156,-3.41783,-2.63251,-1.89023,-1.36864,-0.965977
0.6,-6.75683,7.13754,-3.75435,-5.01117,-4.55465,-3.77622,-3.01652,-2.2269,-1.58818,-1.09762
0.7000000000000001,-7.8587,-8.80669,0.147119,-12.0315,-5.0918,-4.25633,-3.62324,-2.63774,-1.92921,-1.34661
0.8,-7.08675,-9.96368,14.3093,-10.3617,-4.72079,-5.02393,-4.15625,-3.09581,-2.32894,-1.63392
0.9,-9.90909,-11.5177,-10.8901,-19.493,-9.5878,-5.8051,-4.76889,-3.68328,-2.72063,-1.97902
1.0,-10.2686,-18.6456,-20.6073,-19.6504,-86.9,-6.9409,-5.59629,-4.40092,-3.20418,-2.25772
