,0.1,0.14677992676220694,0.21544346900318834,0.31622776601683794,0.46415888336127786,0.6812920690579611,1.0,1.467799267622069,2.1544346900318834,3.1622776601683795
0.1,0.99988,0.99972,0.99926,0.99594,0.99178,0.99112,0.99408,0.9959,0.99792,0.999
0.2,1.0,0.99974,0.99738,0.99328,0.98828,0.98774,0.9918,0.99438,0.99782,0.99906
0.30000000000000004,0.99936,0.99674,0.97238,0.94558,0.93694,0.96164,0.98066,0.99068,0.99646,0.99808
0.4,0.99904,0.99282,0.9595,0.9169,0.93564,0.97292,0.9908,0.99796,0.99928,0.99986
0.5,0.0098,0.17688,0.35334,0.52706,0.75788,0.9114,0.97086,0.99294,0.99814,0.99958
0.6,0.00366,8e-05,0.00526,0.08696,0.41006,0.78726,0.93668,0.98528,0.99624,0.99924
0.7000000000000001,-0.00494,-0.00276,-0.00012,-0.00388,0.12404,0.55184,0.86034,0.96784,0.9935,0.99848
0.8,-0.00166,-0.00378,-0.00044,-0.00874,0.02468,0.32092,0.75814,0.94284,0.98592,0.9973
0.9,0.00462,0.00444,-0.00826,0.00112,0.01906,0.13312,0.61598,0.89448,0.97724,0.99622
1.0,-0.00172,0.00208,0.00032,-0.00088,-0.00034,0.07094,0.43298,0.84948,0.97086,0.99282
