,0.1,0.14677992676220694,0.21544346900318834,0.31622776601683794,0.46415888336127786,0.6812920690579611,1.0,1.467799267622069,2.1544346900318834,3.1622776601683795
0.1,4.89886e-05,7.48283e-05,0.000121633,0.000284668,0.000404631,0.000420492,0.000343585,0.000286064,0.000203856,0.000141387
0.2,0.0,7.21067e-05,0.000228762,0.000365991,0.000482731,0.000493659,0.00040414,0.000334791,0.000208693,0.000137082
0.30000000000000004,0.00011312,0.000255136,0.00073809,0.00102898,0.00110519,0.000867463,0.000618921,0.000430736,0.000265848,0.000195866
0.4,0.000138531,0.000378267,0.000890845,0.00126213,0.00111615,0.000730939,0.000427967,0.000201888,0.000119979,5.29134e-05
0.5,0.00316214,0.00311243,0.00295831,0.00268741,0.00206306,0.00130135,0.000757835,0.000375104,0.000192784,9.16423e-05
0.6,0.00316227,0.00316229,0.00316225,0.00315031,0.0028842,0.00194994,0.00110739,0.000540589,0.00027397,0.000123265
0.7000000000000001,0.00316225,0.00316228,0.00316229,0.00316227,0.00313787,0.00263719,0.00161189,0.000795527,0.000359971,0.000174291
0.8,0.00316229,0.00316227,0.00316229,0.00316217,0.00316133,0.00299503,0.00206211,0.00105382,0.000528791,0.000232223
0.9,0.00316226,0.00316226,0.00316219,0.00316229,0.00316172,0.00313415,0.00249113,0.00141389,0.000670839,0.000274696
1.0,0.00316229,0.00316229,0.00316229,0.00316229,0.00316229,0.00315433,0.0028505,0.00166849,0.000757835,0.000378267
