,0.1,0.14677992676220694,0.21544346900318834,0.31622776601683794,0.46415888336127786,0.6812920690579611,1.0,1.467799267622069,2.1544346900318834,3.1622776601683795
0.1,-95.987,-95.5346,-92.2202,-81.3921,-62.8723,-44.0079,-29.3484,-19.2811,-12.7533,-8.34998
0.2,-96.0136,-95.4846,-91.8163,-80.7153,-63.0475,-45.0694,-30.7822,-20.6884,-13.8711,-9.16761
0.30000000000000004,-95.9454,-95.2152,-90.8905,-79.4876,-63.2635,-46.9773,-33.2133,-23.0081,-15.6784,-10.6633
0.4,-95.926,-94.7462,-89.2988,-78.2597,-64.5828,-50.1784,-36.9123,-26.1661,-18.2764,-12.4738
0.5,-94.4225,-95.3019,-86.6666,-77.8062,-67.1461,-54.7969,-41.9684,-30.6943,-21.469,-14.9794
0.6,-113.467,-117.923,-106.905,-110.32,-72.4282,-61.0583,-48.5423,-36.0352,-25.6787,-18.0477
0.7000000000000001,-135.515,-128.521,-123.864,-129.421,-128.471,-69.6993,-56.1179,-42.4502,-30.866,-21.6426
0.8,-155.68,-157.075,-91.7545,-175.907,-132.347,-80.1751,-65.4745,-50.4298,-36.4765,-25.8232
0.9,-180.911,-177.345,-174.748,-173.225,-176.721,-153.573,-76.7836,-59.0264,-43.3918,-30.874
1.0,-201.864,-204.816,-203.483,-192.634,-201.632,-187.858,-88.8934,-68.9068,-50.4283,-35.9364
