,0.1,0.14677992676220694,0.21544346900318834,0.31622776601683794,0.46415888336127786,0.6812920690579611,1.0,1.467799267622069,2.1544346900318834,3.1622776601683795
0.1,0.586239,0.31955,0.209015,0.125628,0.0652918,0.0357648,0.0286646,0.0307764,0.0356062,0.0419085
0.2,114.338,25.1669,3.09686,0.761946,0.206884,0.0734844,0.0388852,0.0338433,0.0372052,0.0436296
0.30000000000000004,105.655,129.188,25.7906,31.2303,0.930378,0.162206,0.0581508,0.0392879,0.0397117,0.0453994
0.4,23.6036,83.2225,39.6375,55.2609,8.05852,0.39893,0.0908693,0.0482232,0.0431146,0.047464
0.5,294.937,25.5867,30.1471,30.34,790.216,1.23965,0.15238,0.0620444,0.0473783,0.0498055
0.6,23.6761,144.29,101.856,35.9691,30.7659,5.85044,0.273873,0.0817653,0.0535435,0.0525586
0.7000000000000001,2626.94,58.5975,173.144,75.7709,61.76,13.9419,0.504377,0.11322,0.0612012,0.0562345
0.8,22.0444,88.9583,1723.67,82.4193,36.416,26.5245,0.990301,0.158947,0.0722136,0.0599887
0.9,121.536,55.7304,104.443,120.625,262.736,1099.35,2.0185,0.224539,0.0848289,0.06447
1.0,100.035,307.155,74.0764,89.7532,340.441,87.9689,3.56429,0.325798,0.105509,0.0704331
