,0.1,0.14677992676220694,0.21544346900318834,0.31622776601683794,0.46415888336127786,0.6812920690579611,1.0,1.467799267622069,2.1544346900318834,3.1622776601683795
0.1,0.000114873,0.000254353,0.000634252,0.00115945,0.00152256,0.00158457,0.00134743,0.0010675,0.000778545,0.000536563
0.2,0.000111339,0.000299664,0.000746211,0.00140525,0.00186698,0.00181775,0.00152808,0.00118104,0.000842693,0.000605784
0.30000000000000004,0.00042704,0.00106573,0.00204104,0.00263136,0.0027321,0.00250195,0.00204708,0.00149271,0.00106308,0.000723714
0.4,0.0,0.000271779,0.000847937,0.00128313,0.00111262,0.000695142,0.000310752,0.000158696,9.16423e-05,2.82841e-05
0.5,0.00316222,0.00316216,0.00285017,0.00276593,0.00217215,0.00132833,0.00061797,0.000262833,0.000118301,3.46407e-05
0.6,0.00316224,0.00316225,0.00316229,0.00316229,0.00306995,0.00207279,0.00105041,0.000413359,0.000162428,7.21067e-05
0.7000000000000001,0.00316229,0.00316226,0.00316229,0.00316229,0.00316228,0.00284537,0.00161923,0.000675483,0.000255136,9.59061e-05
0.8,0.00316227,0.00316228,0.00316229,0.00316229,0.00316228,0.00315035,0.00220096,0.000966594,0.000380882,0.000161194
0.9,0.00316227,0.00316224,0.00316227,0.00316222,0.00316227,0.00316221,0.00273169,0.00135732,0.000515953,0.000157432
1.0,0.00316229,0.00316216,0.00316229,0.00316227,0.00316219,0.00316224,0.00307583,0.00175711,0.000680956,0.000288836
