,0.1,0.14677992676220694,0.21544346900318834,0.31622776601683794,0.46415888336127786,0.6812920690579611,1.0,1.467799267622069,2.1544346900318834,3.1622776601683795
0.1,0.000145564,0.000306885,0.000481501,0.000566903,0.000450073,0.000348183,0.000236479,0.000171984,0.000129588,0.000101968
0.2,0.000374044,0.000924407,0.00130861,0.00140831,0.00131375,0.0010121,0.000733331,0.000526549,0.000355527,0.000254353
0.30000000000000004,0.00107488,0.00176372,0.00232139,0.00242184,0.0021574,0.00177654,0.0013617,0.00095828,0.00067635,0.000477377
0.4,0.00183109,0.0027928,0.00302378,0.00300997,0.00285353,0.00246542,0.00197471,0.00145135,0.00104808,0.000711773
0.5,0.0030631,0.00316168,0.00316205,0.00315714,0.00311627,0.00293524,0.00251119,0.00196151,0.00139937,0.00100797
0.6,0.00316224,0.00316229,0.00316229,0.00316229,0.00316174,0.00312304,0.0028958,0.00242756,0.00181784,0.00129742
0.7000000000000001,0.00316229,0.00316223,0.00316228,0.00316229,0.00316229,0.00316036,0.00308684,0.00275097,0.00218949,0.00157986
0.8,0.00316225,0.00316229,0.00316214,0.00316229,0.00316229,0.00316228,0.00315134,0.00298261,0.00252135,0.00189695
0.9,0.00316229,0.00316229,0.00316229,0.00316228,0.00316228,0.00316227,0.00316147,0.00310493,0.0027799,0.00221051
1.0,0.00316221,0.00316229,0.00316215,0.00316229,0.00316228,0.00316218,0.00316225,0.00315223,0.00297459,0.00246201
