[0, 0]
[0, 0] 	 0.375


[0, 1]
[0, 1] 	 0.125


[0, 2]
[0, 2] 	 0.125


[0, 3]
[0, 3] 	 0.125


[1, 0]
[1, 0] 	 0.125


[1, 2]
[1, 0] 	 -0.500


[2, 1]
[1, 0] 	 -0.500


[1, 1]
[1, 1] 	 -0.625


[1, 0]
[1, 2] 	 -0.500


[1, 2]
[1, 2] 	 -0.125


[2, 1]
[1, 2] 	 0.500


[1, 3]
[1, 3] 	 0.375


[2, 0]
[1, 3] 	 0.500


[2, 2]
[1, 3] 	 0.500


[1, 3]
[2, 0] 	 0.500


[2, 0]
[2, 0] 	 0.125


[3, 1]
[2, 0] 	 -0.500


[1, 0]
[2, 1] 	 -0.500


[1, 2]
[2, 1] 	 0.500


[2, 1]
[2, 1] 	 -0.125


[1, 3]
[2, 2] 	 0.500


[2, 2]
[2, 2] 	 -0.125


[3, 1]
[2, 2] 	 0.500


[2, 3]
[2, 3] 	 -0.125


[3, 0]
[2, 3] 	 0.500


[3, 2]
[2, 3] 	 0.500


[2, 3]
[3, 0] 	 0.500


[3, 0]
[3, 0] 	 0.125


[3, 2]
[3, 0] 	 0.500


[2, 0]
[3, 1] 	 -0.500


[2, 2]
[3, 1] 	 0.500


[3, 1]
[3, 1] 	 0.375


[2, 3]
[3, 2] 	 0.500


[3, 0]
[3, 2] 	 0.500


[3, 2]
[3, 2] 	 -0.125


[3, 3]
[3, 3] 	 -0.625