       [0, 0]    [0, 1]    [1, 0]    [1, 1]    [0, 0]    [0, 1]    [1, 0]    [1, 1]    [0, 0]    [0, 1]    [1, 0]    [1, 1]    [0, 0]    [0, 1]    [1, 0]    [1, 1]    [0, 0]    [0, 1]    [1, 0]    [1, 1]    [0, 0]    [0, 1]    [1, 0]    [1, 1]    [0, 0]    [0, 1]    [1, 0]    [1, 1]    [0, 0]    [0, 1]    [1, 0]    [1, 1]    [0, 0]    [0, 1]    [1, 0]    [1, 1]    [0, 0]    [0, 1]    [1, 0]    [1, 1]    [0, 0]    [0, 1]    [1, 0]    [1, 1]    [0, 0]    [0, 1]    [1, 0]    [1, 1]    [0, 0]    [0, 1]    [1, 0]    [1, 1]    [0, 0]    [0, 1]    [1, 0]    [1, 1]    [0, 0]    [0, 1]    [1, 0]    [1, 1]    [0, 0]    [0, 1]    [1, 0]    [1, 1]    
[0, 0]-2.250, -0.000,  0.000,  0.000,  0.000,  0.000,  0.000,  0.000, -0.000, -0.000,  0.000,  0.000, -0.000,  0.000,  0.000,  0.000,  0.000, -0.000, -0.000, -0.000, -0.000, -0.000, -0.000, -0.000,  0.000,  0.000, -0.000, -0.000,  0.000,  0.000,  0.000, -0.000,  0.000, -0.000, -0.000,  0.000, -0.000, -0.000,  0.000, -0.000, -0.000,  0.000, -0.000, -0.000,  0.000, -0.000, -0.000, -0.000, -0.000,  0.000, -0.000, -0.000, -0.000, -0.000, -0.000,  0.000,  0.000,  0.000, -0.000, -0.000,  0.000, -0.000, -0.000, -0.000, 
[0, 1]-0.000,  0.250, -0.000,  0.354, -0.000,  0.000,  0.707, -0.000,  0.000, -0.000, -0.000, -0.000, -0.000, -0.000, -0.000, -0.000,  0.000, -0.000,  0.000,  0.000, -0.000, -0.000, -0.000, -0.000, -0.354,  0.000,  0.000,  0.000,  0.000,  0.000, -0.000,  0.000, -0.000, -0.000,  0.000,  0.000, -0.000, -0.000,  0.000, -0.000, -0.000, -0.000,  0.000,  0.000,  0.000,  0.000,  0.000,  0.000,  1.061,  0.000, -0.000, -0.000, -0.000, -0.000, -0.000, -0.000,  0.000,  0.000, -0.000, -0.000, -0.000,  0.000,  0.000,  0.000, 
[1, 0] 0.000, -0.000, -0.250, -0.000,  0.000,  0.000,  0.000, -0.000,  0.000,  0.000, -0.000, -0.000, -0.000, -0.000, -0.000,  0.000, -0.000,  0.000, -0.000,  0.000, -0.000,  0.000, -0.000, -0.000,  0.000,  0.000,  0.000, -0.000,  0.354,  0.250,  0.000, -0.250, -0.000, -0.000, -0.000,  0.000,  0.000, -0.000, -0.000,  0.000,  0.000, -0.000, -0.000,  0.000,  0.000,  0.000, -0.000, -0.000, -0.000,  0.000,  0.000, -0.000, -1.061, -0.250, -0.000,  0.250, -0.000, -0.000,  0.000,  0.000, -0.000, -0.000, -0.000,  0.000, 
[1, 1] 0.000,  0.354, -0.000, -1.000,  0.000, -0.000,  0.500,  0.000,  0.000,  0.000,  0.000, -0.000, -0.000, -0.000,  0.000,  0.000,  0.000, -0.000,  0.000,  0.000, -0.000,  0.000, -0.000, -0.000,  0.250, -0.000, -0.000,  0.000, -0.000, -0.000,  0.000, -0.000, -0.000,  0.000,  0.000,  0.000, -0.000,  0.000, -0.000, -0.000,  0.000, -0.000,  0.000, -0.000,  0.000,  0.000, -0.000, -0.000, -0.250,  0.000,  0.000, -0.000,  0.000,  0.000,  0.000, -0.000, -0.000, -0.000,  0.000,  0.000,  0.000,  0.000,  0.000, -0.000, 
[0, 0] 0.000, -0.000,  0.000,  0.000, -0.750, -0.707,  0.000,  0.354,  0.000,  0.000,  0.000, -0.000, -0.000, -0.000,  0.000, -0.000, -0.000, -0.000,  0.000, -0.000,  0.000, -0.000,  0.000,  0.000, -0.000, -0.000, -0.000, -0.250,  0.000, -0.000,  0.250,  0.000, -0.000, -0.000,  0.000,  0.000,  0.000,  0.000, -0.000, -0.000, -0.000, -0.000, -0.000, -0.000, -0.000,  0.000,  0.000,  0.000,  0.000, -0.000, -0.000,  0.250, -0.000,  0.000, -0.250, -0.000,  0.000, -0.000, -0.000,  0.000,  0.000,  0.000, -0.000,  0.000, 
[0, 1] 0.000,  0.000,  0.000, -0.000, -0.707, -0.000,  0.000, -0.000,  0.000,  0.000,  0.000, -0.000, -0.000, -0.000, -0.000,  0.000, -0.000, -0.000,  0.000,  0.000, -0.000, -0.000, -0.000, -0.000,  0.000, -0.250, -0.000,  0.000, -0.000,  0.000,  0.354, -0.000, -0.000,  0.000,  0.000,  0.000,  0.000, -0.000,  0.000, -0.000, -0.000, -0.000, -0.000,  0.000, -0.000, -0.000,  0.000, -0.000, -0.000,  0.250,  0.000,  0.000,  0.000,  0.000, -1.061,  0.000, -0.000,  0.000, -0.000,  0.000,  0.000,  0.000, -0.000,  0.000, 
[1, 0] 0.000,  0.707,  0.000,  0.500,  0.000,  0.000, -1.500, -0.000,  0.000,  0.000,  0.000,  0.000,  0.000,  0.000, -0.000, -0.000,  0.000, -0.000, -0.000, -0.000,  0.000,  0.000,  0.000,  0.000,  0.250, -0.000, -0.000, -0.000, -0.000, -0.000,  0.000, -0.000, -0.000,  0.000, -0.000, -0.000,  0.000,  0.000,  0.000,  0.000,  0.000, -0.000, -0.000, -0.000, -0.000, -0.000, -0.000, -0.000, -0.250,  0.000,  0.000,  0.000, -0.000, -0.000, -0.000,  0.000, -0.000,  0.000, -0.000,  0.000, -0.000, -0.000,  0.000,  0.000, 
[1, 1] 0.000, -0.000, -0.000,  0.000,  0.354, -0.000, -0.000,  0.500, -0.000,  0.000, -0.000, -0.000,  0.000,  0.000, -0.000, -0.000, -0.000, -0.000, -0.000, -0.000, -0.000, -0.000,  0.000, -0.000,  0.000, -0.250,  0.000,  0.354, -0.000,  0.000,  0.000,  0.000, -0.000,  0.000, -0.000,  0.000, -0.000, -0.000,  0.000, -0.000, -0.000, -0.000,  0.000,  0.000, -0.000, -0.000,  0.000, -0.000, -0.000,  0.250, -0.000, -1.061,  0.000, -0.000,  0.000,  0.000, -0.000,  0.000,  0.000, -0.000,  0.000,  0.000,  0.000,  0.000, 
[0, 0]-0.000,  0.000,  0.000,  0.000,  0.000,  0.000,  0.000, -0.000, -1.750, -0.000,  0.000,  0.000,  0.000,  0.000,  0.000,  0.000, -0.000,  0.000,  0.000, -0.000, -0.000,  0.000, -0.000,  0.000, -0.000, -0.000,  0.000,  0.000, -0.000, -0.000,  0.000,  0.000, -0.000,  0.000,  0.000, -0.000,  0.000,  0.000, -0.000,  0.000,  0.000, -0.000, -0.000,  0.000,  0.000,  0.000,  0.000, -0.000,  0.354, -0.000,  0.000,  0.000, -0.000,  0.000,  0.000,  0.000,  0.000,  0.000,  0.000,  0.000, -0.000, -0.000, -0.000,  0.000, 
[0, 1]-0.000, -0.000,  0.000,  0.000,  0.000,  0.000,  0.000,  0.000, -0.000,  0.750, -0.000,  0.354, -0.000,  0.000,  0.707, -0.000,  0.000, -0.000, -0.000, -0.000, -0.000, -0.000, -0.000, -0.000,  0.000,  0.000, -0.000, -0.000, -0.000, -0.000, -0.000, -0.000,  0.000,  0.000, -0.000, -0.000,  0.000,  0.000, -0.000,  0.000, -1.061, -0.000,  0.000,  0.000,  0.000,  0.000,  0.000,  0.000, -0.000,  0.354, -0.000,  0.000,  0.000, -0.000, -0.000, -0.000,  0.354,  0.000, -0.000, -0.000, -0.000, -0.000,  0.000, -0.000, 
[1, 0] 0.000, -0.000, -0.000,  0.000,  0.000,  0.000,  0.000, -0.000,  0.000, -0.000,  0.250, -0.000,  0.000, -0.000,  0.000, -0.000, -0.000,  0.000, -0.000, -0.000, -0.000, -0.000,  0.000,  0.000, -0.000, -0.000,  0.000, -0.000, -0.000, -0.000, -0.000,  0.000,  0.000, -0.000,  0.000, -0.000, -0.000,  0.000,  0.000, -0.000,  0.000, -0.000, -0.000,  0.000,  1.061,  0.250,  0.000, -0.250,  0.000,  0.000,  0.354, -0.000,  0.000,  0.000, -0.000, -0.000, -0.000, -0.000,  0.000,  0.000, -0.354, -0.250, -0.000,  0.250, 
[1, 1] 0.000, -0.000, -0.000, -0.000, -0.000, -0.000,  0.000, -0.000,  0.000,  0.354, -0.000, -0.500,  0.000, -0.000,  0.500,  0.000, -0.000,  0.000, -0.000, -0.000,  0.000,  0.000,  0.000, -0.000, -0.000,  0.000,  0.000, -0.000, -0.000,  0.000,  0.000,  0.000,  0.000, -0.000, -0.000, -0.000,  0.000, -0.000,  0.000,  0.000,  0.250, -0.000, -0.000,  0.000, -0.000, -0.000, -0.000,  0.000,  0.000,  0.000,  0.000,  0.354, -0.000, -0.000,  0.000,  0.000, -0.250,  0.000,  0.000,  0.000,  0.000,  0.000, -0.000, -0.000, 
[0, 0]-0.000, -0.000, -0.000, -0.000, -0.000, -0.000,  0.000,  0.000,  0.000, -0.000,  0.000,  0.000, -0.250, -0.707,  0.000,  0.354,  0.000,  0.000, -0.000,  0.000, -0.000,  0.000, -0.000, -0.000,  0.000,  0.000,  0.000,  0.000,  0.000,  0.000, -0.000, -0.000,  0.000,  0.000, -0.000,  0.000, -0.000, -0.000, -0.000, -0.000, -0.000,  0.000, -0.000, -0.250,  0.000, -0.000,  0.250,  0.000,  0.000,  0.000,  0.000, -0.000,  0.354, -0.000,  0.000, -0.000,  0.000, -0.000,  0.000,  0.250,  0.000,  0.000, -0.250, -0.000, 
[0, 1] 0.000, -0.000, -0.000, -0.000, -0.000, -0.000,  0.000,  0.000,  0.000,  0.000, -0.000, -0.000, -0.707,  0.500,  0.000,  0.000, -0.000,  0.000,  0.000, -0.000,  0.000, -0.000, -0.000,  0.000, -0.000,  0.000,  0.000, -0.000,  0.000,  0.000, -0.000,  0.000,  0.000,  0.000, -0.000, -0.000, -0.000,  0.000, -0.000,  0.000,  0.000, -0.250, -0.000,  0.000, -0.000, -0.000,  1.061, -0.000,  0.000, -0.000,  0.000, -0.000, -0.000,  0.354,  0.000,  0.000, -0.000,  0.250,  0.000,  0.000,  0.000,  0.000, -0.354,  0.000, 
[1, 0] 0.000, -0.000, -0.000,  0.000,  0.000, -0.000, -0.000, -0.000,  0.000,  0.707,  0.000,  0.500,  0.000,  0.000, -1.000, -0.000, -0.000,  0.000,  0.000,  0.000, -0.000, -0.000, -0.000,  0.000, -0.000,  0.000,  0.000,  0.000,  0.000,  0.000, -0.000,  0.000,  0.000, -0.000,  0.000,  0.000, -0.000, -0.000, -0.000, -0.000,  0.250, -0.000, -0.000, -0.000,  0.000,  0.000,  0.000, -0.000,  0.000,  0.000,  0.000,  0.000,  0.000,  0.000,  0.354, -0.000, -0.250,  0.000,  0.000,  0.000,  0.000,  0.000,  0.000,  0.000, 
[1, 1] 0.000, -0.000,  0.000,  0.000, -0.000,  0.000, -0.000, -0.000,  0.000, -0.000, -0.000,  0.000,  0.354,  0.000, -0.000,  1.000, -0.000,  0.000, -0.000, -0.000,  0.000,  0.000, -0.000, -0.000, -0.000,  0.000, -0.000, -0.000,  0.000, -0.000, -0.000,  0.000,  0.000,  0.000,  0.000,  0.000, -0.000,  0.000, -0.000,  0.000,  0.000, -0.250,  0.000,  1.061, -0.000,  0.000, -0.000, -0.000, -0.000, -0.000, -0.000,  0.000,  0.000,  0.000, -0.000,  0.354, -0.000,  0.250, -0.000, -0.354,  0.000, -0.000,  0.000,  0.000, 
[0, 0] 0.000,  0.000, -0.000,  0.000, -0.000, -0.000,  0.000, -0.000, -0.000,  0.000, -0.000, -0.000,  0.000, -0.000, -0.000, -0.000, -0.250, -0.000, -0.000,  0.000,  0.000, -0.000,  0.000, -0.000,  0.000, -0.000,  0.000, -0.000, -0.000,  0.000, -0.000,  0.000,  0.000,  0.000,  0.000,  0.000,  0.000, -0.000,  0.000,  0.000,  0.000,  1.061, -0.000, -0.250,  0.000, -0.000, -0.250, -0.000,  0.000,  0.000, -0.000, -0.000,  0.000, -0.000, -0.000, -0.000, -0.000,  0.354, -0.000, -0.250,  0.000, -0.000, -0.250, -0.000, 
[0, 1]-0.000, -0.000,  0.000, -0.000, -0.000, -0.000, -0.000, -0.000,  0.000, -0.000,  0.000,  0.000,  0.000,  0.000,  0.000,  0.000, -0.000, -0.750, -0.000,  0.354, -0.000, -0.000,  0.707, -0.000,  0.000,  0.000, -0.000, -0.000, -0.000,  0.000,  0.000,  0.000, -0.000,  0.000,  0.000,  0.000,  0.000,  0.000,  0.000,  0.000,  0.000, -0.000,  0.000,  0.000, -0.000,  0.250,  0.000,  0.250, -0.000, -0.000,  0.000,  0.000,  0.000,  0.000,  0.000,  0.000,  0.000, -0.000, -0.000,  0.000, -0.000,  0.250,  0.000,  0.250, 
[1, 0]-0.000,  0.000, -0.000,  0.000,  0.000,  0.000, -0.000, -0.000,  0.000, -0.000, -0.000, -0.000, -0.000,  0.000,  0.000, -0.000, -0.000, -0.000, -2.250,  0.000,  0.000,  0.000, -0.000, -0.000,  0.000,  0.000,  0.000, -0.000, -0.000, -0.000,  0.000,  0.000,  0.000, -0.000,  0.000,  0.000,  0.000, -0.000,  0.000,  0.000, -0.000, -0.000, -0.000,  0.000,  0.000,  0.000,  0.000, -0.000,  0.000, -0.000, -0.000,  0.000,  0.000,  0.000, -0.000, -0.000, -0.000, -0.000, -0.000,  0.000,  0.000,  0.000,  0.000, -0.000, 
[1, 1]-0.000,  0.000,  0.000,  0.000, -0.000,  0.000, -0.000, -0.000, -0.000, -0.000, -0.000, -0.000,  0.000, -0.000,  0.000, -0.000,  0.000,  0.354,  0.000,  0.500,  0.000, -0.000,  0.000,  0.000, -0.000,  0.000, -0.000,  0.000,  0.000, -0.000,  0.000,  0.000, -0.000,  0.000,  0.000,  0.000, -0.000,  0.000,  0.000, -0.000, -0.000, -0.000, -0.000,  0.000,  0.250,  0.000, -0.000, -1.061,  0.000, -0.000,  0.000,  0.000,  0.000,  0.000,  0.000, -0.000,  0.000, -0.000,  0.000, -0.000,  0.250,  0.000, -0.000, -0.354, 
[0, 0]-0.000, -0.000, -0.000, -0.000,  0.000, -0.000,  0.000, -0.000, -0.000, -0.000, -0.000,  0.000, -0.000,  0.000, -0.000,  0.000,  0.000, -0.000,  0.000,  0.000,  0.250, -0.707,  0.000,  0.354,  0.000,  0.000,  0.000,  0.000,  0.000,  0.000, -0.000, -0.000, -0.000, -0.000, -0.000,  0.000,  0.000,  0.000, -0.000, -0.000, -0.000, -0.000, -1.061,  0.000, -0.000,  0.000, -0.000,  0.000, -0.000, -0.000, -0.000, -0.000,  0.000, -0.000,  0.000,  0.000, -0.000, -0.000, -0.354,  0.000, -0.000,  0.000,  0.000,  0.000, 
[0, 1]-0.000, -0.000,  0.000,  0.000, -0.000, -0.000,  0.000, -0.000,  0.000, -0.000, -0.000,  0.000,  0.000, -0.000, -0.000,  0.000, -0.000, -0.000,  0.000, -0.000, -0.707, -1.500, -0.000, -0.500,  0.000,  0.000, -0.000, -0.000,  0.000,  0.000, -0.000,  0.000,  0.000,  0.000, -0.000, -0.000, -0.000,  0.000,  0.000,  0.000, -0.000, -0.000, -0.250,  0.000,  0.000, -0.000,  0.000, -0.000, -0.000, -0.000, -0.000,  0.000, -0.000, -0.000,  0.000,  0.000, -0.000, -0.000, -0.250,  0.000,  0.000, -0.000, -0.000, -0.000, 
[1, 0]-0.000, -0.000, -0.000, -0.000,  0.000, -0.000,  0.000,  0.000, -0.000, -0.000,  0.000,  0.000, -0.000, -0.000, -0.000, -0.000,  0.000,  0.707, -0.000,  0.000,  0.000, -0.000, -0.000, -0.000, -0.000,  0.000,  0.000,  0.000, -0.000,  0.000,  0.000,  0.000, -0.000,  0.000,  0.000,  0.000,  0.000, -0.000,  0.000,  0.000, -0.000, -0.000, -0.000, -0.000, -0.250, -1.061,  0.000,  0.000,  0.000, -0.000, -0.000,  0.000, -0.000, -0.000,  0.000, -0.000, -0.000,  0.000, -0.000, -0.000, -0.250, -0.354, -0.000,  0.000, 
[1, 1]-0.000, -0.000, -0.000, -0.000,  0.000, -0.000,  0.000, -0.000,  0.000, -0.000,  0.000, -0.000, -0.000,  0.000,  0.000, -0.000, -0.000, -0.000, -0.000,  0.000,  0.354, -0.500, -0.000, -1.000,  0.000,  0.000,  0.000, -0.000,  0.000,  0.000,  0.000,  0.000,  0.000,  0.000,  0.000,  0.000, -0.000,  0.000, -0.000,  0.000,  0.000, -0.000,  0.250,  0.000, -0.000, -0.000,  0.000,  0.000,  0.000, -0.000,  0.000,  0.000, -0.000,  0.000,  0.000, -0.000,  0.000, -0.000,  0.250, -0.000, -0.000, -0.000,  0.000, -0.000, 
[0, 0] 0.000, -0.354,  0.000,  0.250, -0.000,  0.000,  0.250,  0.000, -0.000,  0.000, -0.000, -0.000,  0.000, -0.000, -0.000, -0.000,  0.000,  0.000,  0.000, -0.000,  0.000,  0.000, -0.000,  0.000,  0.500,  0.000, -0.000, -0.000,  0.000, -0.000, -0.000,  0.000,  0.000,  0.000, -0.000, -0.000, -0.000, -0.000, -0.000,  0.000,  0.000, -0.000,  0.000,  0.000,  0.000,  0.000,  0.000,  0.000, -0.500,  0.000,  0.000, -0.000,  0.000,  0.000, -0.000,  0.000,  0.000, -0.000, -0.000,  0.000, -0.000, -0.000,  0.000, -0.000, 
[0, 1] 0.000,  0.000,  0.000, -0.000, -0.000, -0.250, -0.000, -0.250, -0.000,  0.000, -0.000,  0.000,  0.000,  0.000,  0.000,  0.000, -0.000,  0.000,  0.000,  0.000,  0.000,  0.000,  0.000,  0.000,  0.000,  1.500, -0.000,  0.354, -0.000,  0.000,  0.707, -0.000,  0.354, -0.000, -0.000, -0.000, -0.000,  0.000,  0.000,  0.000, -0.000,  0.000, -0.000, -0.000,  0.000, -0.000, -0.000, -0.000, -0.000,  0.000, -0.000,  0.000,  0.000,  0.000,  0.000,  0.000, -0.000,  0.000,  0.000, -0.000,  0.000, -0.000, -0.000, -0.000, 
[1, 0]-0.000,  0.000,  0.000, -0.000, -0.000, -0.000, -0.000,  0.000,  0.000, -0.000,  0.000,  0.000,  0.000,  0.000,  0.000, -0.000,  0.000, -0.000,  0.000, -0.000,  0.000, -0.000,  0.000,  0.000, -0.000, -0.000,  0.500,  0.000, -0.000, -0.000, -0.000, -0.000, -0.000, -0.000, -0.000,  0.000, -0.354, -0.250, -0.000,  0.250,  0.000,  0.000,  0.000, -0.000,  0.000, -0.000,  0.000,  0.000,  0.000, -0.000,  0.500, -0.000,  0.000, -0.000,  0.000,  0.000, -0.000,  0.000, -0.000,  0.000,  0.000,  0.000, -0.000, -0.000, 
[1, 1]-0.000,  0.000, -0.000,  0.000, -0.250,  0.000, -0.000,  0.354,  0.000, -0.000, -0.000, -0.000,  0.000, -0.000,  0.000, -0.000, -0.000, -0.000, -0.000,  0.000,  0.000, -0.000,  0.000, -0.000, -0.000,  0.354,  0.000,  1.500,  0.000, -0.000,  0.250, -0.000, -0.250,  0.000,  0.000, -0.000,  0.000,  0.000, -0.000, -0.000,  0.000,  0.000,  0.000,  0.000, -0.000, -0.000,  0.000,  0.000,  0.000, -0.000, -0.000, -0.250,  0.000, -0.000,  0.250, -0.000, -0.000,  0.000,  0.000,  0.000, -0.000,  0.000, -0.000,  0.000, 
[0, 0] 0.000,  0.000,  0.354, -0.000,  0.000, -0.000, -0.000, -0.000, -0.000, -0.000, -0.000, -0.000,  0.000,  0.000,  0.000,  0.000, -0.000, -0.000, -0.000,  0.000,  0.000,  0.000, -0.000,  0.000,  0.000, -0.000, -0.000,  0.000,  1.500, -0.707, -0.000,  0.354,  0.000, -0.000, -0.000,  0.250, -0.000,  0.000, -0.250, -0.000,  0.000,  0.000,  0.000, -0.000,  0.000, -0.000,  0.000, -0.000,  0.000, -0.000, -0.000,  0.000, -0.000, -0.000, -0.000,  0.000, -0.000,  0.000,  0.000, -0.000, -0.000, -0.000,  0.000, -0.000, 
[0, 1] 0.000,  0.000,  0.250, -0.000, -0.000,  0.000, -0.000,  0.000, -0.000, -0.000, -0.000,  0.000,  0.000,  0.000,  0.000, -0.000,  0.000,  0.000, -0.000, -0.000,  0.000,  0.000,  0.000,  0.000, -0.000,  0.000, -0.000, -0.000, -0.707,  1.000, -0.000, -0.250, -0.000,  0.250, -0.000,  0.000,  0.000, -0.000, -0.354, -0.000,  0.000,  0.000,  0.000, -0.000, -0.000,  0.000,  0.000,  0.000,  0.000,  0.000, -0.000, -0.000, -0.000,  0.250,  0.000,  0.250, -0.000, -0.000,  0.000,  0.000, -0.000, -0.000,  0.000, -0.000, 
[1, 0] 0.000, -0.000,  0.000,  0.000,  0.250,  0.354,  0.000,  0.000,  0.000, -0.000, -0.000,  0.000, -0.000, -0.000, -0.000, -0.000, -0.000,  0.000,  0.000,  0.000, -0.000, -0.000,  0.000,  0.000, -0.000,  0.707, -0.000,  0.250, -0.000, -0.000,  1.000, -0.000, -0.250,  0.000,  0.000, -0.000, -0.000, -0.000, -0.000,  0.000,  0.000,  0.000,  0.000,  0.000,  0.000,  0.000,  0.000, -0.000,  0.000, -0.000,  0.000,  0.250, -0.000, -0.000, -0.250, -0.000,  0.000, -0.000, -0.000, -0.000,  0.000,  0.000,  0.000,  0.000, 
[1, 1]-0.000,  0.000, -0.250, -0.000,  0.000, -0.000, -0.000,  0.000,  0.000, -0.000,  0.000,  0.000, -0.000,  0.000,  0.000,  0.000,  0.000,  0.000,  0.000,  0.000, -0.000,  0.000,  0.000,  0.000,  0.000, -0.000, -0.000, -0.000,  0.354, -0.250, -0.000,  1.500, -0.000,  0.250,  0.000, -0.354,  0.000, -0.000,  0.000, -0.000,  0.000,  0.000, -0.000,  0.000,  0.000,  0.000, -0.000,  0.000,  0.000,  0.000,  0.000,  0.000, -0.000,  0.250, -0.000,  0.250, -0.000, -0.000, -0.000,  0.000,  0.000, -0.000,  0.000, -0.000, 
[0, 0] 0.000, -0.000, -0.000, -0.000, -0.000, -0.000, -0.000, -0.000, -0.000,  0.000,  0.000,  0.000,  0.000,  0.000,  0.000,  0.000,  0.000, -0.000,  0.000, -0.000, -0.000,  0.000, -0.000,  0.000,  0.000,  0.354, -0.000, -0.250,  0.000, -0.000, -0.250, -0.000,  0.250, -0.000, -0.000,  0.000,  0.000, -0.000,  0.000, -0.000, -0.354,  0.000, -0.000, -0.000,  0.000,  0.000, -0.000, -0.000,  0.000,  1.061, -0.000, -0.250,  0.000, -0.000, -0.250, -0.000, -0.000, -0.000,  0.000,  0.000, -0.000,  0.000,  0.000,  0.000, 
[0, 1]-0.000, -0.000, -0.000,  0.000, -0.000,  0.000,  0.000,  0.000,  0.000,  0.000, -0.000, -0.000,  0.000,  0.000, -0.000,  0.000,  0.000,  0.000, -0.000,  0.000, -0.000,  0.000,  0.000,  0.000,  0.000, -0.000, -0.000,  0.000, -0.000,  0.250,  0.000,  0.250, -0.000, -0.250, -0.000,  0.354, -0.000, -0.000,  0.707, -0.000, -0.000, -0.354,  0.000,  0.000,  0.000,  0.000,  0.000,  0.000, -0.000,  0.000,  0.000,  0.000,  0.000,  0.250,  0.000,  0.250,  0.000, -0.000,  0.000, -0.000, -0.000, -0.000, -0.000, -0.000, 
[1, 0]-0.000,  0.000, -0.000,  0.000,  0.000,  0.000, -0.000, -0.000,  0.000, -0.000,  0.000, -0.000, -0.000, -0.000,  0.000,  0.000,  0.000,  0.000,  0.000,  0.000, -0.000, -0.000,  0.000,  0.000, -0.000, -0.000, -0.000,  0.000, -0.000, -0.000,  0.000,  0.000, -0.000, -0.000, -1.750,  0.000,  0.000,  0.000, -0.000, -0.000,  0.000, -0.000, -0.354,  0.000,  0.000,  0.000,  0.000, -0.000,  0.000, -0.000, -0.000,  0.000,  0.000,  0.000,  0.000, -0.000, -0.000,  0.000,  0.000, -0.000, -0.000, -0.000, -0.000,  0.000, 
[1, 1] 0.000,  0.000,  0.000,  0.000,  0.000,  0.000, -0.000,  0.000, -0.000, -0.000, -0.000, -0.000,  0.000, -0.000,  0.000,  0.000,  0.000,  0.000,  0.000,  0.000,  0.000, -0.000,  0.000,  0.000, -0.000, -0.000,  0.000, -0.000,  0.250,  0.000, -0.000, -0.354,  0.000,  0.354,  0.000,  1.000, -0.000, -0.000,  0.000,  0.000,  0.000, -0.000,  0.000, -0.354,  0.000, -0.000, -0.000, -0.000,  0.000, -0.000, -0.000,  0.000,  0.250,  0.000, -0.000, -1.061, -0.000,  0.000,  0.000, -0.000, -0.000,  0.000, -0.000,  0.000, 
[0, 0]-0.000, -0.000,  0.000, -0.000,  0.000,  0.000,  0.000, -0.000,  0.000,  0.000, -0.000,  0.000, -0.000, -0.000, -0.000, -0.000,  0.000,  0.000,  0.000, -0.000,  0.000, -0.000,  0.000, -0.000, -0.000, -0.000, -0.354,  0.000, -0.000,  0.000, -0.000,  0.000,  0.000, -0.000,  0.000, -0.000,  0.750, -0.707,  0.000,  0.354, -0.000, -0.000, -0.000, -0.000, -0.354, -0.000,  0.000,  0.000, -0.000, -0.000, -1.061,  0.000,  0.000,  0.000,  0.000,  0.000,  0.000,  0.000,  0.000,  0.000, -0.000, -0.000, -0.000, -0.000, 
[0, 1]-0.000, -0.000, -0.000,  0.000,  0.000, -0.000,  0.000, -0.000,  0.000,  0.000,  0.000, -0.000, -0.000,  0.000, -0.000,  0.000, -0.000,  0.000, -0.000,  0.000,  0.000,  0.000, -0.000,  0.000, -0.000,  0.000, -0.250,  0.000,  0.000, -0.000, -0.000, -0.000, -0.000, -0.000,  0.000, -0.000, -0.707, -1.000,  0.000, -0.500,  0.000, -0.000, -0.000,  0.000, -0.000, -0.354,  0.000, -0.000, -0.000, -0.000, -0.250,  0.000,  0.000, -0.000,  0.000, -0.000, -0.000,  0.000,  0.000, -0.000, -0.000,  0.000, -0.000,  0.000, 
[1, 0] 0.000,  0.000, -0.000, -0.000, -0.000,  0.000,  0.000,  0.000, -0.000, -0.000,  0.000,  0.000, -0.000, -0.000, -0.000, -0.000,  0.000,  0.000,  0.000,  0.000, -0.000,  0.000,  0.000, -0.000, -0.000,  0.000, -0.000, -0.000, -0.250, -0.354, -0.000,  0.000,  0.000,  0.707, -0.000,  0.000,  0.000,  0.000,  0.500, -0.000,  0.000,  0.000, -0.000, -0.000, -0.000, -0.000, -0.354, -0.000, -0.000, -0.000, -0.000, -0.000, -0.250, -1.061,  0.000, -0.000, -0.000,  0.000,  0.000,  0.000,  0.000,  0.000, -0.000,  0.000, 
[1, 1]-0.000, -0.000,  0.000, -0.000, -0.000, -0.000,  0.000, -0.000,  0.000,  0.000, -0.000,  0.000, -0.000,  0.000, -0.000,  0.000,  0.000,  0.000,  0.000, -0.000, -0.000,  0.000,  0.000,  0.000,  0.000,  0.000,  0.250, -0.000, -0.000, -0.000,  0.000, -0.000, -0.000, -0.000, -0.000,  0.000,  0.354, -0.500, -0.000, -0.500,  0.000, -0.000,  0.000,  0.000, -0.000,  0.000,  0.000, -0.354,  0.000, -0.000,  0.250,  0.000, -0.000, -0.000,  0.000,  0.000, -0.000,  0.000, -0.000, -0.000,  0.000,  0.000, -0.000, -0.000, 
[0, 0]-0.000, -0.000,  0.000,  0.000, -0.000, -0.000,  0.000, -0.000,  0.000, -1.061,  0.000,  0.250, -0.000,  0.000,  0.250,  0.000,  0.000,  0.000, -0.000, -0.000, -0.000, -0.000, -0.000,  0.000,  0.000, -0.000,  0.000,  0.000,  0.000,  0.000,  0.000,  0.000, -0.354, -0.000,  0.000,  0.000, -0.000,  0.000,  0.000,  0.000, -1.000,  0.000, -0.000,  0.000,  0.000, -0.000, -0.000,  0.000, -0.000,  0.000,  0.000, -0.000,  0.000,  0.000,  0.000,  0.000, -0.500,  0.000,  0.000, -0.000,  0.000,  0.000, -0.000,  0.000, 
[0, 1] 0.000, -0.000, -0.000, -0.000, -0.000, -0.000, -0.000, -0.000, -0.000, -0.000, -0.000, -0.000,  0.000, -0.250, -0.000, -0.250,  1.061, -0.000, -0.000, -0.000, -0.000, -0.000, -0.000, -0.000, -0.000,  0.000,  0.000,  0.000,  0.000,  0.000,  0.000,  0.000,  0.000, -0.354, -0.000, -0.000, -0.000, -0.000,  0.000, -0.000,  0.000,  0.000, -0.000,  0.354, -0.000,  0.000,  0.707, -0.000, -0.000, -0.000,  0.000,  0.000,  0.000,  0.000,  0.000,  0.000,  0.000,  0.000, -0.000, -0.000, -0.000,  0.000, -0.000,  0.000, 
[1, 0]-0.000,  0.000, -0.000,  0.000, -0.000, -0.000, -0.000,  0.000, -0.000,  0.000, -0.000, -0.000, -0.000, -0.000, -0.000,  0.000, -0.000,  0.000, -0.000, -0.000, -1.061, -0.250, -0.000,  0.250,  0.000, -0.000,  0.000,  0.000,  0.000,  0.000,  0.000, -0.000, -0.000,  0.000, -0.354,  0.000, -0.000, -0.000, -0.000,  0.000, -0.000, -0.000, -1.000,  0.000, -0.000, -0.000, -0.000, -0.000,  0.000, -0.000, -0.000, -0.000,  0.000,  0.000,  0.000, -0.000,  0.000, -0.000,  0.500, -0.000, -0.000, -0.000,  0.000,  0.000, 
[1, 1]-0.000,  0.000,  0.000, -0.000, -0.000,  0.000, -0.000,  0.000,  0.000,  0.000,  0.000,  0.000, -0.250,  0.000, -0.000,  1.061, -0.250,  0.000,  0.000,  0.000,  0.000,  0.000, -0.000,  0.000,  0.000, -0.000, -0.000,  0.000, -0.000, -0.000,  0.000,  0.000, -0.000,  0.000,  0.000, -0.354, -0.000,  0.000, -0.000,  0.000,  0.000,  0.354,  0.000,  0.000,  0.000, -0.000,  0.250, -0.000,  0.000, -0.000, -0.000, -0.000,  0.000, -0.000,  0.000, -0.000,  0.000, -0.000, -0.000, -0.250,  0.000, -0.000,  0.250, -0.000, 
[0, 0] 0.000,  0.000,  0.000,  0.000, -0.000, -0.000, -0.000, -0.000,  0.000,  0.000,  1.061, -0.000,  0.000, -0.000,  0.000, -0.000,  0.000, -0.000,  0.000,  0.250, -0.000,  0.000, -0.250, -0.000,  0.000,  0.000,  0.000, -0.000,  0.000, -0.000,  0.000,  0.000,  0.000,  0.000,  0.000,  0.000, -0.354, -0.000, -0.000, -0.000,  0.000, -0.000, -0.000,  0.000, -0.000, -0.707, -0.000,  0.354,  0.000, -0.000, -0.000, -0.000, -0.000, -0.000,  0.000,  0.000,  0.000, -0.000, -0.000,  0.000, -0.000, -0.000, -0.000, -0.000, 
[0, 1]-0.000,  0.000,  0.000,  0.000,  0.000, -0.000, -0.000, -0.000,  0.000,  0.000,  0.250, -0.000, -0.000, -0.000,  0.000,  0.000, -0.000,  0.250,  0.000,  0.000,  0.000, -0.000, -1.061, -0.000,  0.000, -0.000, -0.000, -0.000, -0.000,  0.000,  0.000,  0.000,  0.000,  0.000,  0.000, -0.000, -0.000, -0.354, -0.000,  0.000, -0.000,  0.000, -0.000, -0.000, -0.707, -0.500, -0.000, -0.250,  0.000, -0.000, -0.000, -0.000, -0.000, -0.000,  0.000,  0.000,  0.000,  0.000, -0.000, -0.000, -0.000,  0.250, -0.000,  0.250, 
[1, 0]-0.000,  0.000, -0.000, -0.000,  0.000,  0.000, -0.000,  0.000,  0.000,  0.000,  0.000, -0.000,  0.250,  1.061,  0.000, -0.000, -0.250,  0.000,  0.000, -0.000, -0.000,  0.000,  0.000,  0.000,  0.000, -0.000,  0.000,  0.000,  0.000,  0.000,  0.000, -0.000, -0.000,  0.000,  0.000, -0.000,  0.000,  0.000, -0.354,  0.000, -0.000,  0.707, -0.000,  0.250, -0.000, -0.000, -0.500, -0.000,  0.000, -0.000,  0.000,  0.000, -0.000, -0.000, -0.000, -0.000,  0.000,  0.000,  0.000,  0.250, -0.000, -0.000, -0.250, -0.000, 
[1, 1]-0.000,  0.000, -0.000, -0.000,  0.000, -0.000, -0.000, -0.000, -0.000,  0.000, -0.250,  0.000,  0.000, -0.000, -0.000, -0.000, -0.000,  0.250, -0.000, -1.061,  0.000, -0.000,  0.000,  0.000,  0.000, -0.000,  0.000,  0.000, -0.000,  0.000, -0.000,  0.000, -0.000,  0.000, -0.000, -0.000,  0.000, -0.000, -0.000, -0.354,  0.000, -0.000, -0.000, -0.000,  0.354, -0.250, -0.000,  0.000,  0.000, -0.000,  0.000,  0.000, -0.000,  0.000, -0.000, -0.000,  0.000,  0.000,  0.000, -0.000, -0.000,  0.250, -0.000,  0.250, 
[0, 0]-0.000,  1.061, -0.000, -0.250,  0.000, -0.000, -0.250, -0.000,  0.354, -0.000,  0.000,  0.000,  0.000,  0.000,  0.000, -0.000,  0.000, -0.000,  0.000,  0.000, -0.000, -0.000,  0.000,  0.000, -0.500, -0.000,  0.000,  0.000,  0.000,  0.000,  0.000,  0.000,  0.000, -0.000,  0.000,  0.000, -0.000, -0.000, -0.000,  0.000, -0.000, -0.000,  0.000,  0.000,  0.000,  0.000,  0.000,  0.000, -1.000,  0.000, -0.000,  0.000,  0.000, -0.000, -0.000,  0.000,  0.000, -0.000,  0.000, -0.000, -0.000, -0.000, -0.000,  0.000, 
[0, 1] 0.000,  0.000,  0.000,  0.000, -0.000,  0.250,  0.000,  0.250, -0.000,  0.354,  0.000,  0.000,  0.000, -0.000,  0.000, -0.000,  0.000, -0.000, -0.000, -0.000, -0.000, -0.000, -0.000, -0.000,  0.000,  0.000, -0.000, -0.000, -0.000,  0.000, -0.000,  0.000,  1.061,  0.000, -0.000, -0.000, -0.000, -0.000, -0.000, -0.000,  0.000, -0.000, -0.000, -0.000, -0.000, -0.000, -0.000, -0.000,  0.000,  0.000, -0.000,  0.354, -0.000,  0.000,  0.707, -0.000, -0.000, -0.000, -0.000,  0.000, -0.000,  0.000,  0.000,  0.000, 
[1, 0]-0.000, -0.000,  0.000,  0.000, -0.000,  0.000,  0.000, -0.000,  0.000, -0.000,  0.354,  0.000,  0.000,  0.000,  0.000, -0.000, -0.000,  0.000, -0.000,  0.000, -0.000, -0.000, -0.000,  0.000,  0.000, -0.000,  0.500, -0.000, -0.000, -0.000,  0.000,  0.000, -0.000,  0.000, -0.000, -0.000, -1.061, -0.250, -0.000,  0.250,  0.000,  0.000, -0.000, -0.000, -0.000, -0.000,  0.000,  0.000, -0.000, -0.000, -1.000,  0.000, -0.000, -0.000, -0.000, -0.000, -0.000,  0.000, -0.000,  0.000,  0.000, -0.000, -0.000,  0.000, 
[1, 1]-0.000, -0.000, -0.000, -0.000,  0.250,  0.000,  0.000, -1.061,  0.000,  0.000, -0.000,  0.354, -0.000, -0.000,  0.000,  0.000, -0.000,  0.000,  0.000,  0.000, -0.000,  0.000,  0.000,  0.000, -0.000,  0.000, -0.000, -0.250,  0.000, -0.000,  0.250,  0.000, -0.250,  0.000,  0.000,  0.000,  0.000,  0.000, -0.000,  0.000, -0.000,  0.000, -0.000, -0.000, -0.000, -0.000,  0.000,  0.000,  0.000,  0.354,  0.000,  0.000,  0.000, -0.000,  0.250, -0.000,  0.000,  0.000,  0.000,  0.000,  0.000,  0.000, -0.000,  0.000, 
[0, 0]-0.000, -0.000, -1.061,  0.000, -0.000,  0.000, -0.000,  0.000, -0.000,  0.000,  0.000, -0.000,  0.354, -0.000,  0.000,  0.000,  0.000,  0.000,  0.000,  0.000,  0.000, -0.000, -0.000, -0.000,  0.000,  0.000,  0.000,  0.000, -0.000, -0.000, -0.000, -0.000,  0.000,  0.000,  0.000,  0.250,  0.000,  0.000, -0.250, -0.000,  0.000,  0.000,  0.000,  0.000, -0.000, -0.000, -0.000, -0.000,  0.000, -0.000, -0.000,  0.000, -0.000, -0.707,  0.000,  0.354, -0.000,  0.000,  0.000, -0.000, -0.000, -0.000,  0.000, -0.000, 
[0, 1]-0.000, -0.000, -0.250,  0.000,  0.000,  0.000, -0.000, -0.000,  0.000, -0.000,  0.000, -0.000, -0.000,  0.354,  0.000,  0.000, -0.000,  0.000,  0.000,  0.000, -0.000, -0.000, -0.000,  0.000,  0.000,  0.000, -0.000, -0.000, -0.000,  0.250, -0.000,  0.250, -0.000,  0.250,  0.000,  0.000,  0.000, -0.000, -1.061, -0.000,  0.000,  0.000,  0.000, -0.000, -0.000, -0.000, -0.000,  0.000, -0.000,  0.000, -0.000, -0.000, -0.707, -0.500, -0.000, -0.250, -0.000,  0.000, -0.000,  0.000,  0.000, -0.000, -0.000, -0.000, 
[1, 0]-0.000, -0.000, -0.000,  0.000, -0.250, -1.061, -0.000,  0.000,  0.000, -0.000, -0.000,  0.000,  0.000,  0.000,  0.354, -0.000, -0.000,  0.000, -0.000,  0.000,  0.000,  0.000,  0.000,  0.000, -0.000,  0.000,  0.000,  0.250, -0.000,  0.000, -0.250, -0.000, -0.250,  0.000,  0.000, -0.000,  0.000,  0.000,  0.000,  0.000,  0.000,  0.000,  0.000,  0.000,  0.000,  0.000, -0.000, -0.000, -0.000,  0.707, -0.000,  0.250,  0.000, -0.000, -0.500, -0.000,  0.000,  0.000, -0.000, -0.000, -0.000,  0.000,  0.000,  0.000, 
[1, 1] 0.000, -0.000,  0.250, -0.000, -0.000,  0.000,  0.000,  0.000,  0.000, -0.000, -0.000,  0.000, -0.000,  0.000, -0.000,  0.354, -0.000,  0.000, -0.000, -0.000,  0.000,  0.000, -0.000, -0.000,  0.000,  0.000,  0.000, -0.000,  0.000,  0.250, -0.000,  0.250, -0.000,  0.250, -0.000, -1.061,  0.000, -0.000, -0.000,  0.000,  0.000,  0.000, -0.000, -0.000,  0.000,  0.000, -0.000, -0.000,  0.000, -0.000, -0.000, -0.000,  0.354, -0.250, -0.000,  0.000, -0.000, -0.000,  0.000,  0.000, -0.000, -0.000,  0.000, -0.000, 
[0, 0] 0.000,  0.000, -0.000, -0.000,  0.000, -0.000, -0.000, -0.000,  0.000,  0.354, -0.000, -0.250,  0.000, -0.000, -0.250, -0.000, -0.000,  0.000, -0.000,  0.000, -0.000, -0.000, -0.000,  0.000,  0.000, -0.000, -0.000, -0.000, -0.000, -0.000,  0.000, -0.000, -0.000,  0.000, -0.000, -0.000,  0.000, -0.000, -0.000, -0.000, -0.500,  0.000,  0.000,  0.000,  0.000,  0.000,  0.000,  0.000,  0.000, -0.000, -0.000,  0.000, -0.000, -0.000,  0.000, -0.000,  0.500,  0.000,  0.000,  0.000,  0.000, -0.000, -0.000,  0.000, 
[0, 1] 0.000,  0.000, -0.000, -0.000, -0.000,  0.000,  0.000,  0.000,  0.000,  0.000, -0.000,  0.000, -0.000,  0.250,  0.000,  0.250,  0.354, -0.000, -0.000, -0.000, -0.000, -0.000,  0.000, -0.000, -0.000,  0.000,  0.000,  0.000,  0.000, -0.000, -0.000, -0.000, -0.000, -0.000,  0.000,  0.000,  0.000,  0.000,  0.000,  0.000,  0.000,  0.000, -0.000, -0.000, -0.000,  0.000,  0.000,  0.000, -0.000, -0.000,  0.000,  0.000,  0.000,  0.000,  0.000, -0.000,  0.000,  1.500, -0.000,  0.354, -0.000,  0.000,  0.707, -0.000, 
[1, 0]-0.000, -0.000,  0.000,  0.000, -0.000, -0.000, -0.000,  0.000,  0.000, -0.000,  0.000,  0.000,  0.000,  0.000,  0.000, -0.000, -0.000, -0.000, -0.000,  0.000, -0.354, -0.250, -0.000,  0.250, -0.000,  0.000, -0.000,  0.000,  0.000,  0.000, -0.000, -0.000,  0.000,  0.000,  0.000,  0.000,  0.000,  0.000,  0.000, -0.000,  0.000, -0.000,  0.500, -0.000, -0.000, -0.000,  0.000,  0.000,  0.000, -0.000, -0.000,  0.000,  0.000, -0.000, -0.000,  0.000,  0.000, -0.000,  0.500,  0.000,  0.000, -0.000, -0.000, -0.000, 
[1, 1]-0.000, -0.000,  0.000,  0.000,  0.000,  0.000,  0.000, -0.000,  0.000, -0.000,  0.000,  0.000,  0.250,  0.000,  0.000, -0.354, -0.250,  0.000,  0.000, -0.000,  0.000,  0.000, -0.000, -0.000,  0.000, -0.000,  0.000,  0.000, -0.000,  0.000, -0.000,  0.000,  0.000, -0.000, -0.000, -0.000,  0.000, -0.000,  0.000, -0.000, -0.000, -0.000, -0.000, -0.250,  0.000, -0.000,  0.250, -0.000, -0.000,  0.000,  0.000,  0.000, -0.000,  0.000, -0.000,  0.000,  0.000,  0.354,  0.000,  1.500,  0.000, -0.000,  0.250,  0.000, 
[0, 0] 0.000, -0.000, -0.000,  0.000,  0.000,  0.000, -0.000,  0.000, -0.000, -0.000, -0.354,  0.000,  0.000,  0.000,  0.000,  0.000,  0.000, -0.000,  0.000,  0.250, -0.000,  0.000, -0.250, -0.000, -0.000,  0.000,  0.000, -0.000, -0.000, -0.000,  0.000,  0.000, -0.000, -0.000, -0.000, -0.000, -0.000, -0.000,  0.000,  0.000,  0.000, -0.000, -0.000,  0.000, -0.000, -0.000, -0.000, -0.000, -0.000, -0.000,  0.000,  0.000, -0.000,  0.000, -0.000, -0.000,  0.000, -0.000,  0.000,  0.000,  1.500, -0.707,  0.000,  0.354, 
[0, 1]-0.000,  0.000, -0.000,  0.000,  0.000,  0.000, -0.000,  0.000, -0.000, -0.000, -0.250,  0.000,  0.000,  0.000,  0.000, -0.000, -0.000,  0.250,  0.000,  0.000,  0.000, -0.000, -0.354, -0.000, -0.000, -0.000,  0.000,  0.000, -0.000, -0.000,  0.000, -0.000,  0.000, -0.000, -0.000,  0.000, -0.000,  0.000,  0.000,  0.000,  0.000,  0.000, -0.000, -0.000, -0.000,  0.250, -0.000,  0.250, -0.000,  0.000, -0.000,  0.000, -0.000, -0.000,  0.000, -0.000, -0.000,  0.000, -0.000, -0.000, -0.707,  1.000, -0.000, -0.250, 
[1, 0]-0.000,  0.000, -0.000,  0.000, -0.000, -0.000,  0.000,  0.000, -0.000,  0.000, -0.000, -0.000, -0.250, -0.354,  0.000,  0.000, -0.250,  0.000,  0.000, -0.000,  0.000, -0.000, -0.000,  0.000,  0.000, -0.000, -0.000, -0.000,  0.000,  0.000,  0.000,  0.000,  0.000, -0.000, -0.000, -0.000, -0.000, -0.000, -0.000, -0.000, -0.000, -0.000,  0.000,  0.250, -0.000, -0.000, -0.250, -0.000, -0.000,  0.000, -0.000, -0.000,  0.000, -0.000,  0.000,  0.000, -0.000,  0.707, -0.000,  0.250,  0.000, -0.000,  1.000, -0.000, 
[1, 1]-0.000,  0.000,  0.000, -0.000,  0.000,  0.000,  0.000,  0.000,  0.000, -0.000,  0.250, -0.000, -0.000,  0.000,  0.000,  0.000, -0.000,  0.250, -0.000, -0.354,  0.000, -0.000,  0.000, -0.000, -0.000, -0.000, -0.000,  0.000, -0.000, -0.000,  0.000, -0.000,  0.000, -0.000,  0.000,  0.000, -0.000,  0.000,  0.000, -0.000,  0.000,  0.000,  0.000, -0.000, -0.000,  0.250, -0.000,  0.250,  0.000,  0.000,  0.000,  0.000, -0.000, -0.000,  0.000, -0.000,  0.000, -0.000, -0.000,  0.000,  0.354, -0.250, -0.000,  1.500, 
